# Swift-BAT daily average light curve for MAXI J1816-195                
# Generated Wed Jul 19 16:41:21 UTC 2023
#
#     TIME           RATE          ERROR      YEAR          DAY     STAT_ERR        SYS_ERR   DATA_FLAG   TIMEDEL_EXPO     TIMEDEL_CODED  TIMEDEL_DITHERED
#       d        count/cm^2/s   count/cm^2/s   yr            d    count/cm^2/s   count/cm^2/s                s              s              s
      59743       0.02839451     0.00826473   2022         164     0.00702462     0.00099381      0     832.00000000   367.75000000   832.00000000
      59744       0.01382189     0.00394969   2022         165     0.00335612     0.00048377      0    3864.00000000  1709.34375000  3864.00000000
      59745       0.02000479     0.00379769   2022         166     0.00319571     0.00070017      0    6800.00000000  2944.59375000  6800.00000000
      59746       0.00965778     0.00320143   2022         167     0.00272563     0.00033802      0    5648.00000000  3079.31250000  5648.00000000
      59747       0.02182902     0.00375273   2022         168     0.00314566     0.00076402      0    5272.00000000  2555.03125000  5272.00000000
      59748       0.01844992     0.00316229   2022         169     0.00265039     0.00064575      0    5168.00000000  3137.28125000  5168.00000000
      59749       0.01262961     0.00462281   2022         170     0.00393975     0.00044204      0    4712.00000000  2209.98437500  4712.00000000
      59750       0.01076776     0.00276725   2022         171     0.00234715     0.00037687      0    8368.00000000  3866.53125000  8368.00000000
      59751       0.01329355     0.00289479   2022         172     0.00244619     0.00046527      0    8248.00000000  4073.78125000  8248.00000000
      59752       0.01508765     0.00471774   2022         173     0.00401378     0.00052807      0    3384.00000000   905.76562500  3384.00000000
      59753       0.01728126     0.00315442   2022         174     0.00265059     0.00060484      0    6512.00000000  2588.07812500  6512.00000000
      59754       0.00753298     0.00613510   2022         175     0.00524780     0.00026365      0     696.00000000   240.21875000   696.00000000
      59755       0.01288351     0.00468452   2022         176     0.00399210     0.00045092      0    1960.00000000   967.40625000  1960.00000000
      59756       0.00883720     0.00287979   2022         177     0.00245131     0.00030930      0    5152.00000000  2381.96875000  5152.00000000
      59757       0.00175688     0.00341851   2022         178     0.00292633     0.00006149      0    2552.00000000  1271.56250000  2552.00000000
      59758       0.00585502     0.00244815   2022         179     0.00208866     0.00020493      0    4504.00000000  2134.01562500  4504.00000000
      59759       0.00903865     0.00209625   2022         180     0.00177418     0.00031635      0    9984.00000000  4355.78182340  9984.00000000
      59760       0.00543385     0.00419397   2022         181     0.00358703     0.00019018      0    2176.00000000  1152.50000000  2176.00000000
      59761       0.00476469     0.00254066   2022         182     0.00217053     0.00016676      0    4544.00000000  3060.31250000  4544.00000000
      59762       0.00444941     0.00204486   2022         183     0.00174565     0.00015573      0    8000.00000000  5485.28125000  8000.00000000
      59763      -0.00173197     0.00358368   2022         184     0.00306778    -0.00006062      0    2880.00000000  1911.37500000  2880.00000000
      59764      -0.00225602     0.00244911   2022         185     0.00209575    -0.00007896      0    5960.00000000  3758.18750000  5960.00000000
      59765       0.00125994     0.00243532   2022         186     0.00208469     0.00004410      0    7120.00000000  4703.56250000  7120.00000000
      59766      -0.00188707     0.00163190   2022         187     0.00139603    -0.00006605      0    9360.00000000  8303.68750000  9360.00000000
      59767      -0.00011317     0.00144684   2022         188     0.00123873    -0.00000396      0    5616.00000000  4648.75000000  5616.00000000
      59768      -0.00107996     0.00238028   2022         189     0.00203766    -0.00003780      0    5312.00000000  4094.25000000  5312.00000000
      59769      -0.00066510     0.00227995   2022         190     0.00195191    -0.00002328      0    6704.00000000  4429.37500000  6704.00000000
      59770       0.00021345     0.00210195   2022         191     0.00179960     0.00000747      0    6016.00000000  5281.37500000  6016.00000000
      59771      -0.00576003     0.00323320   2022         192     0.00276277    -0.00020160      0    2584.00000000  2357.50000000  2584.00000000
      59772      -0.00649034     0.00840263   2022         193     0.00719141    -0.00022716      0     576.00000000   183.75000000   576.00000000
      59773      -0.00866895     0.00576679   2022         194     0.00493048    -0.00030341      0    1144.00000000   606.93750000  1144.00000000
      59774       0.00055209     0.00210396   2022         195     0.00180126     0.00001932      0    2936.00000000  2502.00000000  2936.00000000
      59775      -0.00263079     0.00266931   2022         196     0.00228401    -0.00009208      0    4400.00000000  2557.12500000  4400.00000000
      59776      -0.00003385     0.00192292   2022         197     0.00164634    -0.00000118      0   11360.00000000  6900.31250000 11360.00000000
      59777       0.00071039     0.00251090   2022         198     0.00214964     0.00002486      0    7056.00000000  3812.37500000  7056.00000000
      59778      -0.00074262     0.00281683   2022         199     0.00241157    -0.00002599      0    3688.00000000  3405.68750000  3688.00000000
      59779       0.00423298     0.01108657   2022         200     0.00949108     0.00014815      0     512.00000000   401.50000000   512.00000000
      59780       0.00190891     0.00255517   2022         201     0.00218689     0.00006681      0    3584.00000000  2719.56250000  3584.00000000
      59781      -0.00278403     0.00160040   2022         202     0.00136767    -0.00009744      0    5336.00000000  4880.51561785  5336.00000000
      59782       0.00731640     0.00312277   2022         203     0.00266460     0.00025607      0    6176.00000000  3498.09375000  6176.00000000
      59783       0.00010471     0.00315967   2022         204     0.00270520     0.00000367      0    2944.00000000  2047.90625000  2944.00000000
      59784      -0.00254253     0.00272836   2022         205     0.00233468    -0.00008899      0    4784.00000000  3328.25000000  4784.00000000
      59785       0.00112021     0.00273081   2022         206     0.00233778     0.00003921      0    5872.00000000  3307.03125000  5872.00000000
      59786      -0.00177307     0.00176169   2022         207     0.00150736    -0.00006206      0    7016.00000000  6062.62500000  7016.00000000
      59787      -0.00243847     0.00270065   2022         208     0.00231104    -0.00008535      0    4408.00000000  3195.96875000  4408.00000000
      59788      -0.00004212     0.00455919   2022         209     0.00390341    -0.00000147      0    2288.00000000  1432.75000000  2288.00000000
      59789       0.00194587     0.00257628   2022         210     0.00220495     0.00006811      0    5808.00000000  3788.56250000  5808.00000000
      59790       0.00806709     0.00273181   2022         211     0.00232636     0.00028235      0    6448.00000000  3350.56250000  6448.00000000
      59791       0.00071487     0.00444273   2022         212     0.00380365     0.00002502      0    2000.00000000  1178.71875000  2000.00000000
      59792       0.00457157     0.00397366   2022         213     0.00339934     0.00016001      0    5288.00000000  2292.88996708  5288.00000000
      59793       0.00556504     0.00347721   2022         214     0.00297239     0.00019478      0    2064.00000000  1921.50000000  2064.00000000
      59794       0.00151990     0.00305766   2022         215     0.00261746     0.00005320      0    4104.00000000  2304.18750000  4104.00000000
      59795      -0.00551172     0.00150954   2022         216     0.00128182    -0.00019291      0    8616.00000000  5047.12500000  8616.00000000
      59796      -0.00329893     0.00218166   2022         217     0.00186524    -0.00011546      0    4176.00000000  3066.75000000  4176.00000000
      59797      -0.00480241     0.00224756   2022         218     0.00191889    -0.00016808      0    6016.00000000  3658.90625000  6016.00000000
      59798      -0.00002900     0.00452006   2022         219     0.00386991    -0.00000101      0    2816.00000000   681.09375000  2816.00000000
      59799      -0.00739938     0.00796454   2022         220     0.00681535    -0.00025898      0    2256.00000000   589.15625000  2256.00000000
      59800      -0.00505453     0.00339337   2022         221     0.00290133    -0.00017691      0    6872.00000000  3726.29687500  6872.00000000
      59801       0.00339341     0.00197621   2022         222     0.00168890     0.00011877      0    9672.00000000  8183.46875000  9672.00000000
      59802       0.00117484     0.00466118   2022         223     0.00399058     0.00004112      0    1240.00000000   839.25000000  1240.00000000
      59803      -0.00282477     0.00289301   2022         224     0.00247545    -0.00009887      0    9056.00000000  4637.12500000  9056.00000000
      59804      -0.00084823     0.00333471   2022         225     0.00285495    -0.00002969      0    5208.00000000  2738.32812500  5208.00000000
      59805       0.00308132     0.00213506   2022         226     0.00182563     0.00010785      0    7960.00000000  6587.62500763  7960.00000000
      59806      -0.00118343     0.00253739   2022         227     0.00217213    -0.00004142      0    8112.00000000  6188.40625000  8112.00000000
      59807      -0.00010584     0.00213889   2022         228     0.00183124    -0.00000370      0    6088.00000000  5314.00000000  6088.00000000
      59808      -0.00560494     0.00337075   2022         229     0.00288103    -0.00019617      0    6208.00000000  2942.48437500  6208.00000000
      59809      -0.00274965     0.00194113   2022         230     0.00165989    -0.00009624      0    3552.00000000  3283.37500000  3552.00000000
      59810       0.00332438     0.00237209   2022         231     0.00202845     0.00011635      0    8560.00000000  5371.99215937  8560.00000000
      59811       0.00108643     0.00196938   2022         232     0.00168580     0.00003803      0   14280.00000000  9948.23431396 14280.00000000
      59812       0.00141411     0.00222893   2022         233     0.00190786     0.00004949      0    5808.00000000  4975.34262419  5808.00000000
      59813       0.00005710     0.00207963   2022         234     0.00178051     0.00000200      0    9112.00000000  6324.62500000  9112.00000000
      59814      -0.00071662     0.00200011   2022         235     0.00171228    -0.00002508      0    9880.00000000  6659.37500000  9880.00000000
      59815       0.00220393     0.00170376   2022         236     0.00145720     0.00007714      0   13944.00000000 11952.56250000 13944.00000000
      59816       0.00368530     0.00196039   2022         237     0.00167478     0.00012899      0   11328.00000000  6234.93750000 11328.00000000
      59817       0.00024364     0.00272469   2022         238     0.00233277     0.00000853      0    5392.00000000  3800.25000000  5392.00000000
      59818      -0.00201881     0.00268684   2022         239     0.00229958    -0.00007066      0    6296.00000000  4986.06250000  6296.00000000
      59819       0.00168193     0.00217073   2022         240     0.00185782     0.00005887      0    9080.00000000  6289.07812500  9080.00000000
      59820      -0.00191921     0.00222235   2022         241     0.00190182    -0.00006717      0   13112.00000000  7817.15625000 13112.00000000
      59821       0.00376655     0.00188903   2022         242     0.00161338     0.00013183      0    8808.00000000  7025.68750000  8808.00000000
      59822      -0.00277641     0.00223637   2022         243     0.00191289    -0.00009717      0    6384.00000000  3856.40625000  6384.00000000
      59823       0.00258580     0.00151395   2022         244     0.00129387     0.00009050      0    7800.00000000  6302.46875000  7800.00000000
      59824       0.00120109     0.00227477   2022         245     0.00194725     0.00004204      0    7200.00000000  4127.43750000  7200.00000000
      59825      -0.00302024     0.00206604   2022         246     0.00176655    -0.00010571      0    5656.00000000  3881.85937500  5656.00000000
      59826      -0.00147062     0.00314344   2022         247     0.00269094    -0.00005147      0    5392.00000000  3244.85937500  5392.00000000
      59827       0.00714385     0.00221964   2022         248     0.00188828     0.00025003      0   11416.00000000  8197.21875000 11416.00000000
      59828       0.00407588     0.00197271   2022         249     0.00168455     0.00014266      0   15792.00000000 12260.12500000 15792.00000000
      59829       0.00603807     0.00177868   2022         250     0.00151206     0.00021133      0   15600.00000000 13207.75000000 15600.00000000
      59830       0.00281263     0.00233427   2022         251     0.00199674     0.00009844      0   10000.00000000  5333.93750000 10000.00000000
      59831      -0.00305498     0.00188660   2022         252     0.00161264    -0.00010692      0   11064.00000000  7798.21875000 11064.00000000
      59832       0.00043614     0.00195365   2022         253     0.00167259     0.00001527      0   14848.00000000  9961.50000000 14848.00000000
      59833       0.00432918     0.00221181   2022         254     0.00188922     0.00015152      0   14496.00000000  8084.09375000 14496.00000000
      59834      -0.00050861     0.00217102   2022         255     0.00185869    -0.00001780      0   10800.00000000  6795.32812500 10800.00000000
      59835       0.00350612     0.00218581   2022         256     0.00186846     0.00012271      0    7816.00000000  5885.95312500  7816.00000000
      59836      -0.00468406     0.00245489   2022         257     0.00209710    -0.00016394      0   10144.00000000  5340.84375000 10144.00000000
      59837      -0.00095024     0.00224608   2022         258     0.00192281    -0.00003326      0    7456.00000000  4494.27343750  7456.00000000
      59838       0.00284931     0.00179478   2022         259     0.00153425     0.00009973      0    8440.00000000  5882.06250000  8440.00000000
      59839      -0.00528179     0.00208598   2022         260     0.00177891    -0.00018486      0    9968.00000000  8016.62500000  9968.00000000
      59840      -0.00299129     0.00142244   2022         261     0.00121454    -0.00010470      0   18872.00000000 16766.81250000 18872.00000000
      59841      -0.00023703     0.00214634   2022         262     0.00183761    -0.00000830      0   11168.00000000  6696.03125000 11168.00000000
      59842       0.00028637     0.00236969   2022         263     0.00202883     0.00001002      0    9352.00000000  6358.37500000  9352.00000000
      59843      -0.00063068     0.00275560   2022         264     0.00235917    -0.00002207      0    9048.00000000  4450.79687500  9048.00000000
      59844       0.00425114     0.00286018   2022         265     0.00244547     0.00014879      0    6256.00000000  3678.50000000  6256.00000000
      59845       0.00339117     0.00200671   2022         266     0.00171506     0.00011869      0   14208.00000000  9100.75000000 14208.00000000
      59846      -0.00242777     0.00222654   2022         267     0.00190489    -0.00008497      0   12824.00000000  8319.18750000 12824.00000000
      59847      -0.00386127     0.00187568   2022         268     0.00160172    -0.00013514      0   17848.00000000 12291.87500000 17848.00000000
      59848       0.00199861     0.00322654   2022         269     0.00276180     0.00006995      0    7504.00000000  3232.84375000  7504.00000000
      59849      -0.00300331     0.00255730   2022         270     0.00218762    -0.00010512      0    8440.00000000  5297.54687500  8440.00000000
      59850       0.00106532     0.00146395   2022         271     0.00125298     0.00003729      0   11088.00000000  7995.59375000 11088.00000000
      59851      -0.00027354     0.00182134   2022         272     0.00155934    -0.00000957      0   14128.00000000 10835.18750000 14128.00000000
      59852       0.00030087     0.00251018   2022         273     0.00214911     0.00001053      0    8464.00000000  6376.56250000  8464.00000000
      59853       0.00472135     0.00283563   2022         274     0.00242364     0.00016525      0    8392.00000000  5693.78125000  8392.00000000
      59854      -0.00198332     0.00323039   2022         275     0.00276511    -0.00006942      0    9232.00000000  3810.92187500  9232.00000000
      59855      -0.00791292     0.00232792   2022         276     0.00197893    -0.00027695      0   14640.00000000  5423.68750000 14640.00000000
      59856       0.00425446     0.00253476   2022         277     0.00216642     0.00014891      0   12320.00000000  8535.87500000 12320.00000000
      59857       0.00302174     0.00206158   2022         278     0.00176273     0.00010576      0   16824.00000000  8908.75000000 16824.00000000
      59858      -0.00197975     0.00233473   2022         279     0.00199804    -0.00006929      0   11152.00000000  6865.46875000 11152.00000000
      59859      -0.00072783     0.00269760   2022         280     0.00230948    -0.00002547      0    7072.00000000  4816.75000000  7072.00000000
      59860      -0.00041268     0.00212294   2022         281     0.00181754    -0.00001444      0   14456.00000000  8910.93750000 14456.00000000
      59861      -0.00246740     0.00198036   2022         282     0.00169390    -0.00008636      0   21544.00000000 12416.45312500 21544.00000000
      59862      -0.00066227     0.00256697   2022         283     0.00219766    -0.00002318      0   21528.00000000 11263.59375000 21528.00000000
      59863      -0.00135108     0.00256109   2022         284     0.00219234    -0.00004729      0   12136.00000000  7270.40625000 12136.00000000
      59865       0.00896558     0.00465803   2022         286     0.00397898     0.00031380      0    2168.00000000  1048.50000000  2168.00000000
      59866       0.00176506     0.00213626   2022         287     0.00182823     0.00006178      0    5416.00000000  3981.06250000  5416.00000000
      59867       0.00582498     0.00286901   2022         288     0.00245013     0.00020387      0    2440.00000000  1858.43750000  2440.00000000
      59868       0.00164354     0.00198732   2022         289     0.00170076     0.00005752      0   12696.00000000  6286.95322037 12696.00000000
      59869       0.00194671     0.00256459   2022         290     0.00219493     0.00006813      0    7808.00000000  3839.35937500  7808.00000000
      59870      -0.00156250     0.00190077   2022         291     0.00162670    -0.00005469      0   12424.00000000  7115.84375000 12424.00000000
      59871      -0.00243749     0.00190305   2022         292     0.00162768    -0.00008531      0   14120.00000000  7157.26562500 14120.00000000
      59872       0.00393447     0.00228035   2022         293     0.00194879     0.00013771      0   12576.00000000  4585.79687500 12576.00000000
      59873      -0.00143699     0.00098123   2022         294     0.00083899    -0.00005029      0   10376.00000000  5121.92187500 10376.00000000
      59874      -0.00097721     0.00240013   2022         295     0.00205469    -0.00003420      0   14584.00000000  6012.51562500 14584.00000000
      59875       0.00448284     0.00219472   2022         296     0.00187423     0.00015690      0   15312.00000000  6732.73437500 15312.00000000
      59876       0.00168126     0.00230523   2022         297     0.00197301     0.00005884      0   11008.00000000  6624.90625000 11008.00000000
      59877       0.00117953     0.00231489   2022         298     0.00198161     0.00004128      0   12384.00000000  5985.67187500 12384.00000000
      59878       0.00301278     0.00183981   2022         299     0.00157259     0.00010545      0   12632.00000000  7402.15625000 12632.00000000
      59879       0.00016818     0.00201992   2022         300     0.00172938     0.00000589      0    9840.00000000  6295.09375000  9840.00000000
      59881       0.00019223     0.00356476   2022         302     0.00305202     0.00000673      0    3968.00000000  1969.92969322  3968.00000000
      59882       0.01122154     0.00325638   2022         303     0.00276765     0.00039275      0    5408.00000000  2047.22656250  5408.00000000
      59883       0.00250116     0.00236624   2022         304     0.00202450     0.00008754      0    6656.00000000  3988.50000000  6656.00000000
      59884       0.00246838     0.00207009   2022         305     0.00177080     0.00008639      0    9256.00000000  4729.10938931  9256.00000000
      59885       0.00047595     0.00161847   2022         306     0.00138560     0.00001666      0   15536.00000000  8677.78125000 15536.00000000
      59886      -0.00199402     0.00214488   2022         307     0.00183540    -0.00006979      0   12024.00000000  5944.87500000 12024.00000000
      59887      -0.00143927     0.00218038   2022         308     0.00186627    -0.00005037      0   15008.00000000  6938.96875000 15008.00000000
      59888      -0.00196128     0.00275972   2022         309     0.00236205    -0.00006864      0   13160.00000000  5635.26562500 13160.00000000
      59889      -0.00226155     0.00267507   2022         310     0.00228930    -0.00007915      0   14384.00000000  6574.51562500 14384.00000000
      59890       0.00064224     0.00183638   2022         311     0.00157213     0.00002248      0   17216.00000000 10472.84375000 17216.00000000
      59891       0.00007729     0.00219651   2022         312     0.00188057     0.00000271      0   14112.00000000  7318.09375000 14112.00000000
      59892       0.00084720     0.00217809   2022         313     0.00186463     0.00002965      0   13328.00000000  6467.25000000 13328.00000000
      59893      -0.00293487     0.00267380   2022         314     0.00228752    -0.00010272      0    8736.00000000  4098.21875000  8736.00000000
      59894      -0.00480346     0.00267564   2022         315     0.00228626    -0.00016812      0    7000.00000000  4285.68750000  7000.00000000
      59895      -0.00269292     0.00295390   2022         316     0.00252774    -0.00009425      0    6168.00000000  3132.32812500  6168.00000000
      59896       0.00574599     0.00295936   2022         317     0.00252785     0.00020111      0    8032.00000000  4290.73437500  8032.00000000
      59897       0.00202829     0.00381077   2022         318     0.00326208     0.00007099      0    8072.00000000  3527.52344131  8072.00000000
      59898       0.00974072     0.00512600   2022         319     0.00437899     0.00034093      0    5800.00000000  1858.14062500  5800.00000000
      59900       0.00263293     0.00575963   2022         321     0.00493056     0.00009215      0     384.00000000   360.00000000   384.00000000
      59901      -0.00035388     0.00250252   2022         322     0.00214255    -0.00001239      0    7808.00000000  2887.18750000  7808.00000000
      59902       0.00454174     0.00258167   2022         323     0.00220614     0.00015896      0   13896.00000000  3680.18750000 13896.00000000
      59903      -0.00041517     0.00208566   2022         324     0.00178563    -0.00001453      0    7936.00000000  3694.26562500  7936.00000000
      59904      -0.00128976     0.00236914   2022         325     0.00202800    -0.00004514      0    7672.00000000  2827.20312500  7672.00000000
      59905      -0.00269550     0.00220851   2022         326     0.00188912    -0.00009434      0    6840.00000000  3050.46875000  6840.00000000
      59906       0.00287115     0.00197635   2022         327     0.00168989     0.00010049      0    7952.00000000  4019.03125000  7952.00000000
      59907       0.00046861     0.00205723   2022         328     0.00176127     0.00001640      0    8536.00000000  3732.20312500  8536.00000000
      59908      -0.00355116     0.00304453   2022         329     0.00260444    -0.00012429      0    2344.00000000  1160.06250000  2344.00000000
      59909       0.00575206     0.00609163   2022         330     0.00521258     0.00020132      0     720.00000000   289.81250000   720.00000000
      59910      -0.00408672     0.00439135   2022         331     0.00375772    -0.00014304      0    2304.00000000   827.00000000  2304.00000000
      59911      -0.00629270     0.00267903   2022         332     0.00228592    -0.00022024      0    8576.00000000  2565.60937500  8576.00000000
      59912       0.00725473     0.00580462   2022         333     0.00496495     0.00025392      0    3512.00000000   655.26562500  3512.00000000
      59913       0.00626662     0.00490277   2022         334     0.00419337     0.00021933      0    4696.00000000   913.93750000  4696.00000000
      59914       0.00426813     0.00433474   2022         335     0.00370904     0.00014938      0    2176.00000000   787.62500000  2176.00000000
      59915       0.00305600     0.00799010   2022         336     0.00684022     0.00010696      0    1968.00000000   309.87500000  1968.00000000
      59916      -0.00210288     0.00516452   2022         337     0.00442123    -0.00007360      0    2184.00000000   634.65625000  2184.00000000
      59918       0.02754467     0.02757087   2022         339     0.02359076     0.00096406      0     128.00000000    19.75000000   128.00000000
      59919      -0.02390060     0.01549642   2022         340     0.01324814    -0.00083652      0     192.00000000    50.50000000   192.00000000
      59920       0.01264720     0.01166841   2022         341     0.00998289     0.00044265      0     576.00000000   111.37500000   576.00000000
      59921       0.01245759     0.00950961   2022         342     0.00813322     0.00043602      0     560.00000000   183.75000000   560.00000000
      59922       0.00673098     0.01686200   2022         343     0.01443523     0.00023558      0     192.00000000    44.62500000   192.00000000
      59923       0.00955692     0.01205043   2022         344     0.01031317     0.00033449      0     336.00000000   101.06250000   336.00000000
      59924      -0.01083232     0.01553315   2022         345     0.01329497    -0.00037913      0     704.00000000   107.25000000   704.00000000
      59925       0.00878655     0.01585638   2022         346     0.01357312     0.00030753      0     880.00000000   135.78125000   880.00000000
      59928       0.00960480     0.00987149   2022         349     0.00844672     0.00033617      0    2736.00000000   396.40625000  2736.00000000
      59952       0.01327408     0.00901202   2023           8     0.00770551     0.00046459      0    4464.00000000   674.35937500  4464.00000000
      59953       0.00382806     0.01798884   2023           9     0.01540098     0.00013398      0     576.00000000   111.87500000   576.00000000
      59954       0.03441943     0.01079886   2023          10     0.00918789     0.00120468      0     904.00000000   215.18750000   904.00000000
      59955      -0.00700760     0.01056112   2023          11     0.00903961    -0.00024527      0    1392.00000000   315.84375000  1392.00000000
      59956       0.00372050     0.01154335   2023          12     0.00988238     0.00013022      0    1568.00000000   327.65625000  1568.00000000
      59957       0.00127034     0.00720574   2023          13     0.00616918     0.00004446      0    3304.00000000   884.03125000  3304.00000000
      59958       0.00332686     0.00687747   2023          14     0.00588740     0.00011644      0    3176.00000000   819.99218750  3176.00000000
      59959       0.00498860     0.00731970   2023          15     0.00626509     0.00017460      0    3224.00000000   791.21875000  3224.00000000
      59960      -0.00131476     0.00769021   2023          16     0.00658396    -0.00004602      0    1880.00000000   552.28125000  1880.00000000
      59963       0.01072276     0.00974222   2023          19     0.00833475     0.00037530      0    1872.00000000   363.43750000  1872.00000000
      59964      -0.00581634     0.00506691   2023          20     0.00433461    -0.00020357      0    3600.00000000  1454.46875000  3600.00000000
      59965      -0.01247905     0.00754439   2023          21     0.00644840    -0.00043677      0    1608.00000000   560.18750000  1608.00000000
      59966      -0.00967072     0.00906794   2023          22     0.00775823    -0.00033848      0    1168.00000000   527.25000000  1168.00000000
      59967       0.00159487     0.00529780   2023          23     0.00453553     0.00005582      0    3048.00000000  1595.06250000  3048.00000000
      59968      -0.00241377     0.00305295   2023          24     0.00261283    -0.00008448      0    6944.00000000  4489.25000000  6944.00000000
      59969       0.01169417     0.02015202   2023          25     0.01724989     0.00040930      0    1080.00000000   122.34375000  1080.00000000
      59970      -0.00603258     0.00501580   2023          26     0.00429054    -0.00021114      0    2304.00000000  1052.43750000  2304.00000000
      59971       0.00337282     0.00656455   2023          27     0.00561943     0.00011805      0    3688.00000000  1037.95312500  3688.00000000
      59972       0.00191152     0.00627449   2023          28     0.00537169     0.00006690      0     960.00000000   595.00000000   960.00000000
      59973       0.00380399     0.00703496   2023          29     0.00602200     0.00013314      0    3824.00000000   893.81250000  3824.00000000
      59974      -0.00891427     0.00606206   2023          30     0.00518324    -0.00031200      0    4048.00000000  1209.84375000  4048.00000000
      59975      -0.00331117     0.00953714   2023          31     0.00816475    -0.00011589      0    2616.00000000   528.51562500  2616.00000000
      59976       0.00028421     0.00298873   2023          32     0.00255883     0.00000995      0    9824.00000000  3987.64062500  9824.00000000
      59977      -0.00473676     0.00551437   2023          33     0.00471907    -0.00016579      0    4368.00000000  1268.23437500  4368.00000000
      59978       0.00117443     0.00311159   2023          34     0.00266380     0.00004110      0    5504.00000000  2643.10937500  5504.00000000
      59979       0.00412541     0.00450801   2023          35     0.00385762     0.00014439      0    5512.00000000  1797.25000000  5512.00000000
      59980       0.01027359     0.02449151   2023          36     0.02096650     0.00035958      0     320.00000000    50.37500000   320.00000000
      59981       0.00555026     0.00404486   2023          37     0.00345907     0.00019426      0    4624.00000000  2016.64062500  4624.00000000
      59982      -0.00105430     0.00263144   2023          38     0.00225272    -0.00003690      0    8328.00000000  5277.31250000  8328.00000000
      59983       0.00125229     0.00256208   2023          39     0.00219324     0.00004383      0   14904.00000000  9313.04296875 14904.00000000
      59984      -0.00133280     0.00198603   2023          40     0.00169990    -0.00004665      0    5952.00000000  5275.50000000  5952.00000000
      59985       0.00298264     0.00719662   2023          41     0.00616084     0.00010439      0     432.00000000   383.62500000   432.00000000
      59986      -0.00047274     0.01136956   2023          42     0.00973421    -0.00001655      0     320.00000000   320.00000000   320.00000000
      59987       0.01462928     0.00466364   2023          43     0.00396871     0.00051202      0    2880.00000000  2229.87500000  2880.00000000
      59988       0.00332006     0.00445946   2023          44     0.00381673     0.00011620      0     856.00000000   861.75000000   856.00000000
      59989      -0.00667598     0.00626545   2023          45     0.00536053    -0.00023366      0     512.00000000   516.00000000   512.00000000
      59990       0.00288585     0.00592793   2023          46     0.00507454     0.00010100      0     832.00000000   560.50000000   832.00000000
      59991       0.00680300     0.01036689   2023          47     0.00887342     0.00023810      0     472.00000000   210.46875000   472.00000000
      59992      -0.00190778     0.01196532   2023          48     0.01024412    -0.00006677      0     320.00000000   183.50000000   320.00000000
      59993      -0.00276868     0.00638744   2023          49     0.00546807    -0.00009690      0     448.00000000   444.50000000   448.00000000
      59994       0.00486479     0.00529154   2023          50     0.00452809     0.00017027      0     832.00000000   804.00000000   832.00000000
      59995      -0.00455616     0.00590503   2023          51     0.00505384    -0.00015947      0     640.00000000   595.00000000   640.00000000
      59996       0.00965828     0.00637153   2023          52     0.00544739     0.00033804      0     704.00000000   535.00000000   704.00000000
      60003      -0.00297677     0.00986170   2023          59     0.00844276    -0.00010419      0     160.00000000   165.00000000   160.00000000
      60004      -0.00340862     0.00397305   2023          60     0.00340005    -0.00011930      0    1712.00000000  1337.31250000  1712.00000000
      60005       0.00632224     0.00462995   2023          61     0.00395947     0.00022128      0    1128.00000000   890.19531250  1128.00000000
      60006       0.00230313     0.00229531   2023          62     0.00196395     0.00008061      0    5424.00000000  2874.10180569  5424.00000000
      60007      -0.00253234     0.00282698   2023          63     0.00241917    -0.00008863      0    4696.00000000  2947.73437929  4696.00000000
      60008      -0.00245577     0.00442947   2023          64     0.00379164    -0.00008595      0    1416.00000000  1425.12500000  1416.00000000
      60009       0.00087724     0.00149381   2023          65     0.00127868     0.00003070      0   15000.00000000 10948.35999966 15000.00000000
      60010      -0.00147063     0.00206342   2023          66     0.00176608    -0.00005147      0    7632.00000000  5903.84405136  7632.00000000
      60011       0.00300927     0.00206460   2023          67     0.00176534     0.00010532      0    6112.00000000  5179.65625000  6112.00000000
      60012      -0.00138194     0.00200369   2023          68     0.00171498    -0.00004837      0    7312.00000000  5637.81095982  7312.00000000
      60013      -0.00313101     0.00201083   2023          69     0.00171904    -0.00010959      0   12968.00000000  8349.08574057 12968.00000000
      60014      -0.00166028     0.00276113   2023          70     0.00236346    -0.00005811      0    6600.00000000  4068.48733759  6600.00000000
      60015       0.00164035     0.00164755   2023          71     0.00140971     0.00005741      0   13456.00000000 10604.89801741 13456.00000000
      60016       0.00453252     0.00319022   2023          72     0.00272797     0.00015864      0    3536.00000000  2339.09375000  3536.00000000
      60017      -0.00060522     0.00190434   2023          73     0.00163033    -0.00002118      0   10984.00000000  6557.04294598 10984.00000000
      60018      -0.00171288     0.00331481   2023          74     0.00283756    -0.00005995      0    8616.00000000  2903.86164474  8616.00000000
      60019      -0.00102572     0.00315478   2023          75     0.00270084    -0.00003590      0    5232.00000000  3206.87411880  5232.00000000
      60020       0.00002633     0.00273236   2023          76     0.00233935     0.00000092      0    7496.00000000  3428.26536179  7496.00000000
      60021       0.00252410     0.00262601   2023          77     0.00224702     0.00008834      0    7672.00000000  4203.51526117  7672.00000000
      60022       0.00152651     0.00322806   2023          78     0.00276337     0.00005343      0    6024.00000000  2088.41011214  6024.00000000
      60023       0.00192070     0.00213836   2023          79     0.00182988     0.00006722      0   10072.00000000  4267.67959273 10072.00000000
      60024      -0.00249722     0.00252858   2023          80     0.00216358    -0.00008740      0    9104.00000000  4743.50982761  9104.00000000
      60025       0.00060310     0.00376964   2023          81     0.00322738     0.00002111      0    4216.00000000  1743.75914204  4216.00000000
      60026      -0.00043564     0.00285466   2023          82     0.00244402    -0.00001525      0    6792.00000000  3688.29934096  6792.00000000
      60027      -0.00225995     0.00297429   2023          83     0.00254558    -0.00007910      0    5176.00000000  2903.70250654  5176.00000000
      60028      -0.00077487     0.00344757   2023          84     0.00295160    -0.00002712      0   10792.00000000  3772.69808340 10792.00000000
      60029       0.00161949     0.00225513   2023          85     0.00193016     0.00005668      0    9704.00000000  5247.02984858  9704.00000000
      60030       0.00381034     0.00397980   2023          86     0.00340545     0.00013336      0    5016.00000000  2247.82573795  5016.00000000
      60031       0.00536819     0.01238579   2023          87     0.01060305     0.00018789      0     704.00000000   144.62500000   704.00000000
      60032      -0.01148411     0.00713552   2023          88     0.00609948    -0.00040194      0    2560.00000000   578.53014755  2560.00000000
      60033      -0.00377602     0.00642849   2023          89     0.00550268    -0.00013216      0    4496.00000000  1135.70156038  4496.00000000
      60034       0.00466904     0.00322654   2023          90     0.00275891     0.00016342      0    6776.00000000  2765.99201918  6776.00000000
      60035       0.02664752     0.01236080   2023          91     0.01055271     0.00093266      0    1616.00000000   470.84098530  1616.00000000
      60036      -0.01255331     0.00802195   2023          92     0.00685780    -0.00043937      0    2768.00000000   777.24919212  2768.00000000
      60037       0.00396520     0.00816299   2023          93     0.00698785     0.00013878      0     960.00000000   510.00000000   960.00000000
      60039      -0.00371495     0.00798126   2023          95     0.00683236    -0.00013002      0     640.00000000   522.04689026   640.00000000
      60040      -0.00122378     0.00597633   2023          96     0.00511659    -0.00004283      0    2216.00000000   694.81512642  2216.00000000
      60041       0.00660353     0.00883371   2023          97     0.00756052     0.00023112      0    4344.00000000   912.41455734  4344.00000000
      60042       0.00729037     0.01430429   2023          98     0.01224488     0.00025516      0    2544.00000000   556.04622269  2544.00000000
      60043      -0.00749949     0.00491600   2023          99     0.00420290    -0.00026248      0    8664.00000000  2772.43521166  8664.00000000
      60044      -0.00689551     0.02108912   2023         100     0.01805457    -0.00024134      0     512.00000000   190.78125000   512.00000000
      60045       0.00013357     0.00786422   2023         101     0.00673306     0.00000468      0    2016.00000000   498.02334356  2016.00000000
      60046       0.00055180     0.00537605   2023         102     0.00460275     0.00001931      0    5072.00000000  1706.55324703  5072.00000000
      60047      -0.00048987     0.01634136   2023         103     0.01399088    -0.00001715      0     192.00000000   112.14062500   192.00000000
      60048       0.00461075     0.00335605   2023         104     0.00287000     0.00016138      0    6400.00000000  3468.51633167  6400.00000000
      60049       0.00365057     0.00598790   2023         105     0.00512546     0.00012777      0    4616.00000000  2240.51012802  4616.00000000
      60050       0.01592886     0.02121926   2023         106     0.01816091     0.00055751      0    1352.00000000   305.01514816  1352.00000000
      60051       0.00441033     0.01191785   2023         107     0.01020278     0.00015436      0     576.00000000   261.32835197   576.00000000
      60052       0.00488777     0.00404481   2023         108     0.00345992     0.00017107      0    3288.00000000  2482.18749142  3288.00000000
      60053       0.00506722     0.00560337   2023         109     0.00479500     0.00017735      0    5624.00000000  2109.50195789  5624.00000000
      60054       0.04038477     0.02588487   2023         110     0.02212864     0.00141347      0    2272.00000000   365.04703379  2272.00000000
      60055       0.00278535     0.00391782   2023         111     0.00335326     0.00009749      0    5912.00000000  3181.99494100  5912.00000000
      60056       0.00425568     0.00521386   2023         112     0.00446210     0.00014895      0    4496.00000000  1735.82437897  4496.00000000
      60057      -0.00166451     0.01789937   2023         113     0.01532472    -0.00005826      0    1536.00000000   292.78893852  1536.00000000
      60058      -0.00057486     0.01157145   2023         114     0.00990705    -0.00002012      0    2040.00000000   570.73533356  2040.00000000
      60059       0.00102868     0.00633937   2023         115     0.00542745     0.00003600      0    1416.00000000   684.71895599  1416.00000000
      60060      -0.00261930     0.00476813   2023         116     0.00408155    -0.00009168      0    2488.00000000  1552.56250000  2488.00000000
      60061       0.00155167     0.00304939   2023         117     0.00261037     0.00005431      0    4192.00000000  3072.96134043  4192.00000000
      60062      -0.00007102     0.00267552   2023         118     0.00229068    -0.00000249      0    9768.00000000  4491.71731579  9768.00000000
      60063       0.00248843     0.00282566   2023         119     0.00241808     0.00008709      0    5328.00000000  4162.93613815  5328.00000000
      60064      -0.00452373     0.00374126   2023         120     0.00320026    -0.00015833      0    3240.00000000  2051.50000000  3240.00000000
      60065       0.00063678     0.00216619   2023         121     0.00185451     0.00002229      0    9072.00000000  7740.34363556  9072.00000000
      60066      -0.00089210     0.00291733   2023         122     0.00249757    -0.00003122      0    3696.00000000  3416.67190933  3696.00000000
      60067       0.00062393     0.00412696   2023         123     0.00353331     0.00002184      0    3320.00000000  2551.25000000  3320.00000000
      60068      -0.00209863     0.00287876   2023         124     0.00246389    -0.00007345      0    4920.00000000  4066.78125000  4920.00000000
      60069      -0.00030981     0.00398180   2023         125     0.00340906    -0.00001084      0    6040.00000000  2925.48437500  6040.00000000
      60070       0.00825339     0.00483777   2023         126     0.00413453     0.00028887      0    1608.00000000  1124.67187500  1608.00000000
      60071       0.01098093     0.00464065   2023         127     0.00395951     0.00038433      0     928.00000000   763.50000000   928.00000000
      60072       0.00951242     0.00593631   2023         128     0.00507446     0.00033293      0     720.00000000   626.25000000   720.00000000
      60073      -0.00239010     0.00305891   2023         129     0.00261795    -0.00008365      0    8368.00000000  3918.12500000  8368.00000000
      60074       0.00800498     0.00382946   2023         130     0.00326986     0.00028017      0    5000.00000000  2695.78125000  5000.00000000
      60075       0.00040747     0.00262155   2023         131     0.00224445     0.00001426      0    7456.00000000  4927.18750000  7456.00000000
      60076       0.00533786     0.02192376   2023         132     0.01876966     0.00018683      0     192.00000000    65.50000000   192.00000000
      60077      -0.00068000     0.01147229   2023         133     0.00982215    -0.00002380      0     128.00000000   132.00000000   128.00000000
      60078      -0.01486881     0.00990776   2023         134     0.00847096    -0.00052041      0     448.00000000   230.50000000   448.00000000
      60080      -0.01383720     0.00653297   2023         136     0.00557790    -0.00048430      0    1856.00000000   613.75000000  1856.00000000
      60081      -0.00884849     0.02237799   2023         137     0.01915740    -0.00030970      0      64.00000000    48.00000000    64.00000000
      60082      -0.04735744     0.02100680   2023         138     0.01792920    -0.00165751      0     384.00000000    89.50000000   384.00000000
      60083       0.01727196     0.01003760   2023         139     0.00857824     0.00060452      0     640.00000000   217.62500000   640.00000000
      60084       0.02515504     0.05646715   2023         140     0.04833928     0.00088043      0     128.00000000    18.12890625   128.00000000
      60085       0.00204190     0.00663237   2023         141     0.00567807     0.00007147      0     608.00000000   427.65625000   608.00000000
      60088      -0.01584288     0.00648795   2023         144     0.00553443    -0.00055450      0     520.00000000   489.25000000   520.00000000
      60089       0.00307133     0.00483544   2023         145     0.00413891     0.00010750      0    3952.00000000  3049.48807621  3952.00000000
      60090      -0.00626537     0.00477626   2023         146     0.00408495    -0.00021929      0    5056.00000000  1701.28024101  5056.00000000
      60091      -0.00655846     0.00381886   2023         147     0.00326366    -0.00022955      0    2872.00000000  2035.78089416  2872.00000000
      60092       0.00371275     0.00401455   2023         148     0.00343531     0.00012995      0    2848.00000000  2057.73355484  2848.00000000
      60093       0.00318593     0.00339981   2023         149     0.00290923     0.00011151      0    3288.00000000  2364.76640010  3288.00000000
      60094      -0.00147397     0.00709660   2023         150     0.00607570    -0.00005159      0     336.00000000   328.12500000   336.00000000
      60095       0.00467191     0.00921476   2023         151     0.00788811     0.00016352      0    1064.00000000   407.53126037  1064.00000000
      60096       0.00127964     0.00313101   2023         152     0.00268039     0.00004479      0    5480.00000000  2275.18938458  5480.00000000
      60097       0.00454574     0.00682043   2023         153     0.00583782     0.00015910      0    2752.00000000   893.16822076  2752.00000000
      60098       0.00888330     0.01165931   2023         154     0.00997873     0.00031092      0     896.00000000   249.99991560   896.00000000
      60099       0.01755340     0.01277865   2023         155     0.01092797     0.00061437      0     408.00000000   132.28125000   408.00000000
      60101      -0.00415950     0.00716817   2023         157     0.00613587    -0.00014558      0     576.00000000   302.59373856   576.00000000
      60102       0.01255825     0.01278360   2023         158     0.01093839     0.00043954      0     448.00000000   158.94538689   448.00000000
      60105      -0.01107813     0.02176677   2023         161     0.01863298    -0.00038773      0     888.00000000   105.91779774   888.00000000
      60106       0.00516208     0.01924194   2023         162     0.01647354     0.00018067      0     824.00000000   248.11719346   824.00000000
      60108       0.01865704     0.01717631   2023         164     0.01469511     0.00065300      0      64.00000000    39.00000000    64.00000000
      60109       0.00097688     0.02576240   2023         165     0.02205683     0.00003419      0     640.00000000   150.32829666   640.00000000
      60112       0.02955503     0.02493947   2023         168     0.02133391     0.00103443      0    2912.00000000   395.57109404  2912.00000000
      60114      -0.00660854     0.00499534   2023         170     0.00427225    -0.00023130      0    8976.00000000  2496.90781450  8976.00000000
      60122      -0.00310860     0.00393178   2023         178     0.00336496    -0.00010880      0    5288.00000000  2025.26566792  5288.00000000
      60123      -0.00207583     0.00418691   2023         179     0.00358414    -0.00007265      0    8952.00000000  4041.65601349  8952.00000000
      60124      -0.00152863     0.00676406   2023         180     0.00579096    -0.00005350      0    1856.00000000   849.59338379  1856.00000000
      60125      -0.00892197     0.00487031   2023         181     0.00416120    -0.00031227      0    3288.00000000  2137.43750000  3288.00000000
      60126       0.01416776     0.02268218   2023         182     0.01941503     0.00049587      0    1528.00000000   243.03500712  1528.00000000
      60127       0.00248776     0.00948522   2023         183     0.00812056     0.00008707      0    1976.00000000   480.19140625  1976.00000000
      60128      -0.00359754     0.01646864   2023         184     0.01409946    -0.00012591      0     448.00000000    98.00000000   448.00000000
      60129       0.00057306     0.00431640   2023         185     0.00369551     0.00002006      0    3280.00000000  2024.93750000  3280.00000000
      60130       0.00045616     0.00406117   2023         186     0.00347701     0.00001597      0    5928.00000000  2568.67189312  5928.00000000
      60131      -0.00731643     0.00466358   2023         187     0.00398677    -0.00025607      0    2088.00000000  1446.87500000  2088.00000000
      60132      -0.00255896     0.00379424   2023         188     0.00324759    -0.00008956      0    1992.00000000  1408.25000000  1992.00000000
      60133      -0.00002251     0.00249415   2023         189     0.00213540    -0.00000079      0    4880.00000000  4181.93750000  4880.00000000
      60134      -0.00107102     0.00335641   2023         190     0.00287346    -0.00003749      0    3128.00000000  2343.25000000  3128.00000000
      60135      -0.00770478     0.00475799   2023         191     0.00406708    -0.00026967      0    5664.00000000  2187.37500000  5664.00000000
      60137      -0.00539809     0.00500835   2023         193     0.00428492    -0.00018893      0    5688.00000000  1773.14062500  5688.00000000
      60138       0.00349014     0.00651819   2023         194     0.00557966     0.00012215      0    3360.00000000  1224.25000000  3360.00000000
      60139      -0.00066362     0.00329430   2023         195     0.00282039    -0.00002323      0    5024.00000000  3356.25000000  5024.00000000
      60140      -0.00081402     0.00230693   2023         196     0.00197496    -0.00002849      0   11824.00000000  6993.21875000 11824.00000000
      60141       0.00080002     0.00514500   2023         197     0.00440490     0.00002800      0    2920.00000000  1489.31250000  2920.00000000
      60142       0.00421243     0.00357542   2023         198     0.00305855     0.00014744      0    7816.00000000  2847.37445879  7816.00000000
      60143       0.00173921     0.00411876   2023         199     0.00352595     0.00006087      0    9536.00000000  3356.35145140  9536.00000000
      60144      -0.00330853     0.00531241   2023         200     0.00454722    -0.00011580      0    2584.00000000  1220.87500000  2584.00000000
