59325.500000 -0.003021 0.014285 -0.004712 0.006627 -0.004580 0.006300 0.007575 0.009226
59326.500000 -0.020638 0.014220 0.000523 0.006569 -0.000834 0.006711 -0.018734 0.008685
59327.500000 -0.008919 0.013980 0.004874 0.007056 -0.012352 0.006328 0.003396 0.008650
59328.500000 -0.011943 0.012418 0.001165 0.006365 -0.011272 0.005556 0.001961 0.007677
59329.500000 -0.024788 0.012798 -0.011687 0.005946 -0.011772 0.005860 -0.000834 0.007954
59330.500000 -0.042297 0.012999 -0.014819 0.005751 -0.020930 0.006029 -0.004395 0.008079
59331.500000 -0.001918 0.014269 0.007906 0.006847 -0.002429 0.006420 -0.003915 0.009087
59332.500000 -0.014241 0.021486 0.015120 0.010673 -0.005335 0.009882 -0.017754 0.013707
59333.500000 -0.008643 0.012864 -0.003673 0.006025 -0.010545 0.005987 0.007601 0.008251
59334.500000 -0.018632 0.012943 0.002201 0.006279 -0.018334 0.005728 0.004105 0.008475
59335.500000 -0.033735 0.011959 -0.008298 0.006000 -0.009175 0.005728 -0.013266 0.007232
59336.500000 -0.011751 0.011870 0.004307 0.005880 -0.007949 0.005353 -0.004753 0.007497
59337.500000 -0.037930 0.011906 0.000970 0.005727 -0.023011 0.005439 -0.006728 0.007438
59338.500000 -0.041640 0.013756 -0.014174 0.006486 -0.013402 0.006242 -0.012077 0.008554
59347.500000 0.102303 0.051110 0.008638 0.024856 -0.006061 0.018956 0.089323 0.034994
59348.500000 -0.003509 0.021364 -0.014286 0.008827 -0.000045 0.009416 0.008858 0.013920
59351.500000 -0.007807 0.016520 0.013395 0.008641 -0.012330 0.007218 -0.000213 0.010657
59352.500000 -0.022257 0.012762 0.002824 0.006397 -0.014656 0.005838 -0.003935 0.008070
59353.500000 -0.030360 0.012402 0.000646 0.006478 -0.014742 0.005667 -0.011146 0.007770
59354.500000 -0.047308 0.015537 0.003695 0.008186 -0.016899 0.007188 -0.025900 0.009647
59355.500000 0.005821 0.013315 0.015602 0.006560 -0.004200 0.005927 -0.000074 0.008452
59356.500000 -0.016458 0.011917 -0.002017 0.005845 -0.012757 0.005046 0.001888 0.007718
59357.500000 -0.024923 0.011433 0.004842 0.005872 -0.015872 0.005165 -0.007724 0.007011
59358.500000 -0.029181 0.012337 -0.009356 0.005587 -0.011067 0.005847 -0.006564 0.007528
59359.500000 -0.014460 0.012919 0.002429 0.006437 -0.005521 0.005955 -0.008538 0.007882
59360.500000 -0.004565 0.013039 -0.003238 0.006084 0.007127 0.006129 -0.011708 0.007953
59361.500000 0.017942 0.013092 0.018877 0.006920 -0.000439 0.005845 0.003910 0.008043
59362.500000 -0.015776 0.014374 0.000807 0.007082 -0.010742 0.006452 -0.002574 0.008920
59363.500000 -0.036159 0.015333 0.013633 0.007903 -0.020610 0.006822 -0.015093 0.009494
59364.500000 -0.007394 0.017354 0.004528 0.008019 -0.017850 0.007783 0.012112 0.011124
59365.500000 0.051739 0.029836 0.017262 0.012815 0.008493 0.013083 0.024851 0.019242
59366.500000 0.026848 0.019294 -0.002322 0.008342 0.007999 0.008875 0.015164 0.012614
59367.500000 0.011381 0.014393 0.013569 0.006468 0.005165 0.006181 -0.004457 0.009368
59368.500000 0.004678 0.013601 -0.001660 0.005840 0.000316 0.005688 0.006324 0.009005
59369.500000 -0.040714 0.013844 -0.015977 0.005873 -0.012438 0.005779 -0.010909 0.009065
59370.500000 -0.004418 0.013671 -0.003810 0.005864 -0.007063 0.005658 0.007547 0.008919
59371.500000 0.020058 0.015189 0.009297 0.006636 0.001431 0.006194 0.010459 0.009912
59372.500000 0.006818 0.015088 0.015337 0.007681 0.009498 0.006278 -0.014221 0.009286
59373.500000 0.001840 0.014299 0.014820 0.006748 0.002366 0.005943 -0.010176 0.008894
59374.500000 -0.010376 0.014106 0.003466 0.006420 -0.004130 0.005889 -0.007846 0.008737
59375.500000 -0.022151 0.014208 0.000527 0.006725 -0.002214 0.006052 -0.015234 0.008574
59376.500000 -0.002869 0.014396 0.001272 0.006388 0.004169 0.006021 -0.008998 0.008816
59377.500000 -0.010589 0.014289 -0.000499 0.006500 0.000614 0.005826 -0.008801 0.008836
59378.500000 0.015435 0.014969 0.006859 0.007305 0.003686 0.006168 0.005602 0.009066
59379.500000 -0.004449 0.014798 0.010730 0.007291 -0.010370 0.006051 0.001902 0.008949
59380.500000 0.010062 0.016259 0.011405 0.007566 0.001825 0.006892 0.000242 0.009701
59381.500000 0.031808 0.016215 0.008379 0.007620 0.007533 0.006598 0.013656 0.009939
59382.500000 0.029818 0.017431 0.008665 0.007504 0.008995 0.007129 0.009147 0.010863
59383.500000 0.014374 0.019981 0.009816 0.009269 0.005260 0.008095 0.002716 0.012486
59384.500000 -0.013075 0.017581 0.009655 0.008178 -0.015196 0.006934 0.002444 0.011193
59385.500000 0.017831 0.019291 0.006229 0.008000 0.004950 0.007796 0.006961 0.012392
59386.500000 0.052379 0.020905 0.005664 0.008849 0.021187 0.008439 0.018258 0.013525
59387.500000 0.059602 0.027194 0.028622 0.013284 0.021734 0.011283 0.007840 0.016938
59388.500000 0.000265 0.030065 0.001268 0.012974 -0.003043 0.012280 0.001152 0.019442
59389.500000 0.067258 0.036589 0.028954 0.016296 0.011647 0.014745 0.025907 0.023593
59390.500000 0.094808 0.042749 0.037196 0.024714 0.031217 0.020736 0.029121 0.024612
59391.500000 0.062031 0.031158 0.042978 0.017677 0.011271 0.014405 0.013052 0.018582
59392.500000 0.083354 0.027779 0.029772 0.014142 0.010676 0.012953 0.042543 0.017076
59393.500000 0.089682 0.023937 0.036880 0.012396 0.026407 0.010927 0.023127 0.015058
59394.500000 0.030530 0.079582 0.007388 0.032474 0.025599 0.037530 -0.009399 0.051575
59395.500000 0.090979 0.020204 0.030824 0.010697 0.026972 0.009068 0.026120 0.012303
59396.500000 0.066747 0.018642 0.025734 0.009474 0.033548 0.009008 0.002195 0.010839
59397.500000 0.110335 0.019382 0.038396 0.010782 0.042177 0.009191 0.020668 0.011106
59398.500000 0.118858 0.015748 0.059751 0.009399 0.035002 0.007306 0.022684 0.008846
59399.500000 0.218349 0.016266 0.139524 0.011367 0.076972 0.007725 0.008366 0.008023
59400.500000 0.344079 0.018157 0.235617 0.013802 0.109462 0.008589 0.019792 0.008329
59401.500000 0.339917 0.018594 0.208245 0.013587 0.118848 0.009095 0.017726 0.008310
59402.500000 0.298683 0.017152 0.211908 0.012798 0.099819 0.008311 0.005128 0.007684
59403.500000 0.213246 0.016246 0.163031 0.011713 0.064982 0.007545 0.003101 0.007988
59404.500000 0.288069 0.020175 0.178503 0.014558 0.090832 0.009532 0.027377 0.009789
59405.500000 0.271461 0.023134 0.190879 0.017387 0.075639 0.010828 0.020842 0.011049
59413.500000 0.072724 0.032730 0.056744 0.018681 0.013160 0.014462 0.013555 0.018991
59425.500000 0.055004 0.015048 0.022403 0.007855 0.032173 0.007547 -0.004236 0.008612
59426.500000 0.069895 0.014895 0.045587 0.008535 0.022937 0.006896 0.004563 0.008938
59427.500000 0.043181 0.028301 0.019645 0.013886 0.022341 0.013782 0.001429 0.017398
59428.500000 0.079359 0.013717 0.042555 0.007783 0.022794 0.006177 0.016693 0.008221
59429.500000 0.077627 0.012858 0.054494 0.007586 0.023046 0.005876 0.004548 0.007381
59430.500000 0.043625 0.012576 0.038675 0.007324 0.011548 0.005884 -0.002357 0.007100
59431.500000 0.067907 0.012732 0.033786 0.007090 0.017223 0.005881 0.019169 0.007486
59432.500000 0.067054 0.013915 0.024432 0.007326 0.021115 0.006569 0.018820 0.008181
59433.500000 0.054396 0.013815 0.037168 0.007763 0.018126 0.006443 0.001533 0.007991
59434.500000 0.050796 0.014869 0.038794 0.008254 0.005240 0.006736 0.012594 0.008824
59435.500000 0.051219 0.016011 0.038128 0.008782 0.020557 0.007393 -0.005802 0.009394
59436.500000 0.070430 0.016228 0.031063 0.008466 0.019395 0.007314 0.019049 0.009853
59437.500000 0.065983 0.018573 0.024444 0.009435 0.023239 0.008694 0.015021 0.011238
59438.500000 0.045154 0.034247 0.020704 0.017210 0.022266 0.016232 0.002164 0.021344
59439.500000 0.053467 0.019171 0.031314 0.011164 0.014072 0.008757 0.007977 0.011427
59440.500000 0.074475 0.015371 0.028555 0.007586 0.015092 0.006652 0.029870 0.009859
59441.500000 0.036617 0.015188 0.013066 0.006652 0.018697 0.006520 0.000667 0.009896
59442.500000 0.036209 0.015201 0.010888 0.006830 0.021032 0.006479 -0.000445 0.009738
59443.500000 0.028157 0.014700 0.009819 0.006805 0.015909 0.006204 -0.001281 0.009407
59444.500000 0.028202 0.014532 0.007100 0.006648 -0.002250 0.005867 0.022664 0.009447
59445.500000 0.041080 0.014633 0.009376 0.006768 0.016445 0.006097 0.009427 0.009179
59446.500000 0.025792 0.014605 0.000536 0.006422 0.009878 0.006057 0.007890 0.009184
59447.500000 0.014643 0.013862 0.007025 0.006135 0.009307 0.005825 -0.003701 0.008561
59448.500000 0.049766 0.014517 0.006075 0.006464 0.012412 0.005845 0.024912 0.009191
59449.500000 0.036931 0.014378 0.008585 0.006398 0.012089 0.005991 0.011487 0.008854
59450.500000 0.000274 0.014661 0.001219 0.006640 0.004575 0.005937 -0.004519 0.009142
59451.500000 0.049659 0.014641 0.013566 0.006786 0.004536 0.005957 0.028417 0.009011
59452.500000 0.014880 0.015907 0.008593 0.007554 0.007454 0.006591 0.000045 0.009637
59453.500000 0.038942 0.020095 0.022404 0.009204 0.002395 0.008123 0.017915 0.012468
59454.500000 0.038288 0.017323 0.008685 0.008018 0.021577 0.007241 0.000679 0.010498
59455.500000 0.019369 0.017273 0.015411 0.007865 0.000396 0.006906 0.006425 0.010820
59456.500000 -0.012989 0.017192 0.018309 0.008027 0.000364 0.006963 -0.021611 0.010709
59457.500000 -0.010245 0.018992 0.010698 0.008370 0.002193 0.007681 -0.019046 0.011994
59458.500000 0.020204 0.018351 0.004813 0.007841 0.007633 0.007379 0.004753 0.011790
59459.500000 0.007904 0.021233 0.000712 0.009399 0.001894 0.008386 0.004611 0.013807
59460.500000 0.005196 0.027047 -0.011623 0.010640 0.002891 0.010943 0.003200 0.017755
59461.500000 -0.010850 0.030535 -0.002731 0.014251 0.002128 0.012462 -0.011133 0.019605
59462.500000 0.084498 0.070475 0.026625 0.031292 0.035780 0.032572 0.011012 0.040176
59463.500000 0.094775 0.041236 -0.015241 0.014049 0.037630 0.019123 0.052501 0.027801
59464.500000 0.020602 0.031135 -0.011707 0.014249 0.004140 0.014162 0.021959 0.020055
59465.500000 -0.002540 0.029158 0.001962 0.014203 0.001059 0.013420 -0.003667 0.018576
59466.500000 0.020993 0.026259 0.009324 0.012888 0.008334 0.012171 0.004201 0.016587
59468.500000 0.031566 0.017538 0.012911 0.008593 0.007152 0.007564 0.009926 0.011282
59469.500000 0.017945 0.016989 0.009904 0.007917 0.020166 0.007866 -0.014809 0.010478
59470.500000 0.002367 0.014453 0.016947 0.007667 -0.003831 0.006546 -0.003732 0.008789
59471.500000 -0.006369 0.014411 0.022972 0.007943 -0.005742 0.006441 -0.013023 0.008730
59472.500000 -0.012416 0.013154 -0.006643 0.006911 -0.002905 0.006082 -0.002408 0.007891
59473.500000 0.008017 0.014363 0.004091 0.006801 0.007727 0.006774 -0.004398 0.008746
59474.500000 0.017257 0.013478 0.007539 0.006672 0.006477 0.006260 0.002403 0.008187
59475.500000 -0.010073 0.013391 -0.005646 0.006546 -0.002698 0.006121 -0.002244 0.008253
59476.500000 -0.010020 0.012770 0.018414 0.006960 -0.009927 0.005708 -0.009756 0.007695
59477.500000 0.034393 0.017044 0.017610 0.008237 0.003179 0.007531 0.016044 0.011062
59478.500000 -0.007348 0.016267 0.013139 0.008148 -0.007766 0.007438 -0.006712 0.010373
59479.500000 0.004045 0.012361 0.003358 0.006601 -0.003645 0.005621 0.003937 0.007712
59480.500000 0.017857 0.012353 0.017405 0.006734 0.003699 0.005710 0.000684 0.007516
59481.500000 0.036861 0.021110 0.013023 0.010295 0.003664 0.009708 0.019765 0.013367
59486.500000 0.006833 0.025352 0.016456 0.012046 -0.007292 0.010613 0.008873 0.016203
59493.500000 0.066381 0.017037 0.008287 0.007545 0.012718 0.007322 0.039180 0.011097
59494.500000 -0.000371 0.016198 0.009320 0.007752 -0.002126 0.007118 -0.002807 0.010396
59495.500000 0.024017 0.014538 0.013069 0.007439 0.009995 0.006618 0.000780 0.008970
59496.500000 0.025163 0.013828 0.008080 0.006425 0.002618 0.006362 0.013628 0.008795
59497.500000 -0.004732 0.013277 0.012083 0.006688 -0.011810 0.005980 0.002098 0.008474
59498.500000 0.001400 0.013110 0.005494 0.006758 -0.004816 0.006037 0.002917 0.008180
59499.500000 0.028431 0.013310 0.022651 0.006943 0.013435 0.006433 -0.003865 0.008008
59500.500000 0.011103 0.025693 0.019734 0.012584 0.004168 0.011291 -0.006465 0.017177
59501.500000 0.028610 0.013082 0.003638 0.006372 0.019123 0.006168 0.000076 0.007844
59502.500000 -0.012654 0.012206 0.007678 0.006062 -0.010535 0.005572 -0.002930 0.007485
59503.500000 0.007506 0.012306 -0.000287 0.005890 0.012605 0.005778 -0.008786 0.007457
59504.500000 0.017933 0.012078 0.009209 0.006098 0.009553 0.005615 -0.003897 0.007279
59505.500000 0.006394 0.013206 0.004605 0.006469 -0.000390 0.006231 0.000922 0.007917
59506.500000 0.011467 0.012886 0.005356 0.006512 0.004962 0.006071 -0.000103 0.007651
59507.500000 0.026416 0.013568 0.004958 0.006776 0.001037 0.006069 0.019448 0.008462
59508.500000 0.019350 0.013796 0.021322 0.006965 0.002959 0.006405 -0.001624 0.008222
59509.500000 -0.001666 0.015347 0.006381 0.008159 0.003049 0.006773 -0.008756 0.009444
59510.500000 0.022280 0.017587 0.012274 0.008823 0.002111 0.007644 0.008954 0.011293
59511.500000 0.053254 0.035134 0.053301 0.019274 -0.011977 0.014911 0.024290 0.022829
59512.500000 0.015425 0.016958 0.018444 0.009126 0.002886 0.008006 -0.000627 0.010212
59513.500000 0.033406 0.017883 0.013041 0.008088 0.003001 0.008042 0.016378 0.011573
59514.500000 0.006532 0.016925 -0.001203 0.008105 0.003195 0.007730 0.001870 0.010569
59515.500000 0.009297 0.015144 0.001738 0.006895 -0.000986 0.006281 0.008512 0.009955
59516.500000 0.022059 0.015314 0.010811 0.006503 -0.000814 0.006412 0.013163 0.009991
59517.500000 0.006409 0.014520 0.001777 0.006170 0.005804 0.006043 -0.001055 0.009408
59518.500000 0.031843 0.014455 0.014089 0.006944 0.001237 0.005757 0.017194 0.009259
59519.500000 -0.006479 0.015379 0.005348 0.006411 -0.001890 0.006325 -0.005856 0.009814
59520.500000 -0.009998 0.013996 0.007525 0.006487 -0.000841 0.005781 -0.010689 0.008699
59521.500000 0.011794 0.014516 0.018370 0.007138 0.012745 0.006049 -0.015318 0.008782
59522.500000 0.033954 0.014706 0.007239 0.006830 0.014442 0.006223 0.006362 0.008882
59523.500000 0.031025 0.023817 0.010892 0.012117 0.003270 0.009854 0.016319 0.014251
59524.500000 0.012260 0.014353 0.007101 0.006658 0.007198 0.005938 -0.001836 0.008750
59525.500000 0.042707 0.015015 0.005342 0.006792 0.011831 0.006277 0.017768 0.009111
59526.500000 0.020400 0.014935 0.003877 0.007079 0.003130 0.006088 0.010905 0.009156
59527.500000 0.013074 0.015307 0.014627 0.007530 -0.000047 0.006303 0.002993 0.009285
59528.500000 0.014140 0.015340 0.005676 0.007097 0.004660 0.006299 0.003111 0.009446
59529.500000 0.002737 0.017002 -0.010331 0.007350 -0.001513 0.006918 0.009742 0.010707
59530.500000 0.045429 0.016983 0.004726 0.007530 0.008347 0.006677 0.024890 0.010914
59531.500000 0.012370 0.018234 0.000048 0.007668 0.001413 0.007366 0.007398 0.011698
59532.500000 -0.001025 0.018908 -0.002954 0.008103 0.002596 0.007402 -0.002482 0.012439
59533.500000 0.045258 0.025588 -0.007951 0.010972 0.018490 0.010626 0.022337 0.016299
59534.500000 -0.020852 0.029846 -0.013881 0.013900 0.001896 0.012704 -0.013091 0.018587
59535.500000 0.171315 0.074244 0.016408 0.036059 -0.000635 0.030680 0.134997 0.046863
59536.500000 0.068432 0.036770 0.006481 0.019992 0.018318 0.017432 0.035906 0.021982
59537.500000 0.083880 0.034648 0.037667 0.018877 0.030523 0.017063 0.006575 0.019707
59538.500000 0.105945 0.029088 0.035049 0.015988 0.035520 0.013545 0.029551 0.017580
59539.500000 0.117339 0.048312 0.054289 0.026820 0.041948 0.024250 0.014804 0.026565
59540.500000 0.088221 0.031192 0.030331 0.016922 0.027304 0.013910 0.022203 0.019113
59541.500000 0.055266 0.018622 0.022848 0.009488 0.027255 0.008527 0.001198 0.011232
59542.500000 -0.000293 0.017039 0.022987 0.008693 -0.001540 0.007530 -0.016475 0.010626
59543.500000 0.044910 0.014203 0.025959 0.008036 0.018060 0.006440 0.000207 0.008295
59544.500000 0.105525 0.018425 0.031789 0.010303 0.032864 0.008598 0.033147 0.010776
59545.500000 0.097671 0.013915 0.026391 0.007190 0.032957 0.006535 0.029827 0.008272
59546.500000 0.072611 0.014025 0.027294 0.007459 0.018580 0.006741 0.022993 0.008045
59547.500000 0.057544 0.016743 0.024738 0.009660 0.023056 0.007753 0.005071 0.009574
59548.500000 0.052730 0.039202 0.003474 0.020582 0.026604 0.017922 0.013765 0.023584
59569.500000 -0.056278 0.055820 -0.034075 0.037210 0.033301 0.024680 -0.064834 0.031912
59570.500000 0.012286 0.021236 0.005121 0.013871 0.005332 0.008775 0.001623 0.012912
59572.500000 0.096662 0.017381 0.048176 0.009892 0.011706 0.007288 0.041966 0.011322
59573.500000 0.096511 0.023461 0.045823 0.013342 0.020693 0.010068 0.034600 0.015173
59574.500000 0.072351 0.012029 0.033797 0.006565 0.022330 0.005579 0.015640 0.007049
59575.500000 0.024489 0.012423 0.021020 0.006531 0.000567 0.005604 0.008136 0.007571
59576.500000 0.001842 0.011854 0.009644 0.006136 -0.000694 0.005449 -0.003465 0.007164
59577.500000 0.001119 0.012676 0.015699 0.006809 -0.004424 0.005757 -0.005926 0.007635
59578.500000 -0.011587 0.012205 0.006299 0.006556 -0.001148 0.005590 -0.014049 0.007316
59579.500000 0.004046 0.013555 0.010927 0.006952 0.000238 0.006179 -0.004926 0.008255
59580.500000 0.036672 0.014845 0.029888 0.008210 0.007463 0.006692 0.004720 0.008918
59581.500000 0.002761 0.015458 0.001167 0.007532 0.001499 0.007126 0.000072 0.009438
59582.500000 0.042522 0.016091 0.026982 0.008359 0.011217 0.007349 0.005890 0.009663
59583.500000 0.053208 0.025613 0.023357 0.013215 0.014379 0.011536 0.016162 0.016237
59584.500000 0.005940 0.022967 0.017001 0.012644 -0.002974 0.010363 0.001650 0.014476
59585.500000 0.029818 0.017515 0.014692 0.008740 0.015824 0.008085 -0.000214 0.010991
59586.500000 0.085599 0.015940 0.024232 0.007925 0.023725 0.006836 0.031305 0.010261
59593.500000 0.031287 0.013767 0.010676 0.006327 0.009024 0.005707 0.009787 0.008553
59594.500000 0.014712 0.014242 0.012848 0.006781 0.009379 0.006040 -0.006944 0.008543
59595.500000 0.008082 0.014068 0.005830 0.006684 0.001654 0.005741 0.000795 0.008644
59596.500000 0.007876 0.014591 0.001437 0.006223 0.001580 0.005970 0.004264 0.009102
59597.500000 0.015880 0.014585 -0.005216 0.006337 -0.001573 0.005819 0.017703 0.009169
59598.500000 -0.009273 0.014263 -0.003587 0.006147 -0.007674 0.005881 0.003964 0.008815
59599.500000 -0.018630 0.015122 -0.012083 0.006866 -0.012046 0.006161 0.006550 0.009352
59600.500000 -0.020710 0.015625 0.006913 0.007411 -0.015180 0.006205 -0.001513 0.009785
59601.500000 0.017234 0.017142 0.011993 0.007817 0.006328 0.006960 -0.000001 0.010667
59602.500000 -0.014143 0.016197 0.000797 0.007216 -0.003168 0.006475 -0.009063 0.010261
59603.500000 -0.007828 0.018381 -0.011317 0.007888 0.011086 0.007422 -0.012333 0.011765
59604.500000 0.017617 0.018476 0.001858 0.007567 0.010875 0.007278 -0.000869 0.012109
59605.500000 0.077832 0.022254 0.007688 0.009217 0.015563 0.008735 0.045446 0.014723
59606.500000 0.006976 0.026968 0.018373 0.012808 0.010095 0.010924 -0.016935 0.017183
59607.500000 0.089912 0.030180 0.010215 0.013145 0.012916 0.012050 0.054609 0.019796
59608.500000 0.136613 0.039101 0.004029 0.014959 0.046237 0.016324 0.056875 0.025448
59609.500000 0.103496 0.032118 0.020307 0.016881 0.058247 0.016003 0.009118 0.018323
59610.500000 0.055539 0.029009 0.048248 0.017282 -0.005176 0.012681 0.024142 0.017892
59611.500000 0.072683 0.030055 0.043214 0.016070 0.010586 0.013916 0.021473 0.018373
59613.500000 0.087352 0.023556 0.043803 0.012531 0.026980 0.010623 0.016118 0.014250
59614.500000 0.067962 0.018217 0.050155 0.010232 0.030384 0.008532 -0.007092 0.010492
59615.500000 0.050785 0.017027 0.036112 0.009182 0.016287 0.007564 0.002585 0.010406
59616.500000 0.098759 0.016448 0.041745 0.008748 0.039966 0.007838 0.011920 0.009485
59617.500000 0.119237 0.015811 0.065369 0.009403 0.051244 0.007444 0.002670 0.008856
59618.500000 0.093525 0.014518 0.040622 0.008116 0.041156 0.007074 0.006495 0.008041
59619.500000 0.104939 0.014976 0.040028 0.008474 0.034953 0.006972 0.025506 0.008669
59620.500000 0.103076 0.014290 0.055164 0.008652 0.036964 0.006682 0.009492 0.007942
59621.500000 0.121188 0.014804 0.079025 0.009199 0.033228 0.006898 0.014776 0.008097
59622.500000 0.190250 0.016461 0.144398 0.011724 0.042902 0.007307 0.018966 0.008703
59623.500000 0.390213 0.034699 0.255159 0.025844 0.128138 0.016586 0.018053 0.016197
59624.500000 0.261463 0.017837 0.192283 0.013749 0.080678 0.008326 0.008197 0.008378
59625.500000 0.351021 0.018421 0.225830 0.013889 0.120745 0.008955 0.014887 0.008291
59626.500000 0.320988 0.017900 0.220989 0.013574 0.105564 0.008599 0.012393 0.008160
59627.500000 0.377845 0.018490 0.235518 0.013809 0.136249 0.009059 0.013585 0.008178
59628.500000 0.311081 0.037240 0.212539 0.027677 0.110162 0.018004 0.006149 0.017152
59631.500000 0.322699 0.034261 0.206113 0.022955 0.101449 0.015587 0.033183 0.018064
59637.500000 -0.274270 0.169291 -0.136602 0.048296 -0.091573 0.077734 -0.039978 0.108606
59638.500000 0.248750 0.038736 0.183338 0.025779 0.051418 0.017472 0.037419 0.020679
59639.500000 0.284249 0.018147 0.171385 0.012291 0.104078 0.008491 0.013286 0.009270
59640.500000 0.233536 0.017622 0.176134 0.012443 0.079671 0.008316 -0.007706 0.008676
59641.500000 0.238962 0.016148 0.178453 0.011908 0.077395 0.007592 -0.001383 0.007734
59642.500000 0.327630 0.017785 0.221104 0.013434 0.108430 0.008623 0.013003 0.007954
59643.500000 0.335473 0.017791 0.198276 0.013286 0.113804 0.008488 0.026853 0.008309
59644.500000 0.378194 0.019198 0.253746 0.014857 0.134181 0.009481 0.005252 0.008074
59645.500000 0.428008 0.027467 0.268333 0.020668 0.148928 0.013341 0.025686 0.012622
59646.500000 0.444826 0.023670 0.278120 0.017762 0.155412 0.011362 0.023092 0.010809
59647.500000 0.358587 0.016407 0.247267 0.012408 0.122657 0.007814 0.003879 0.007326
59648.500000 0.326464 0.016094 0.217007 0.011927 0.109710 0.007699 0.011905 0.007347
59649.500000 0.360420 0.016260 0.225772 0.012046 0.127494 0.007974 0.016616 0.007165
59650.500000 0.352769 0.018115 0.234351 0.013833 0.119436 0.008591 0.013849 0.008140
59651.500000 0.385973 0.017599 0.246246 0.013279 0.132514 0.008499 0.020387 0.007810
59652.500000 0.397220 0.019425 0.267246 0.014727 0.135622 0.009396 0.010827 0.008470
59653.500000 0.337273 0.018320 0.227241 0.013828 0.115712 0.008740 0.009778 0.008261
59654.500000 0.352278 0.021829 0.221467 0.015746 0.129322 0.010409 0.008966 0.010299
59655.500000 0.431813 0.022297 0.240163 0.015756 0.164721 0.010987 0.026163 0.010294
59656.500000 0.375000 0.051437 0.241325 0.036697 0.119524 0.023820 0.023359 0.026219
59657.500000 0.397871 0.030773 0.257322 0.023626 0.127908 0.014491 0.031149 0.014337
59658.500000 0.374539 0.024060 0.235602 0.017694 0.130245 0.011164 0.021075 0.011913
59659.500000 0.316324 0.019338 0.188831 0.013272 0.118294 0.008951 0.013118 0.010028
59660.500000 0.358481 0.018269 0.221712 0.012968 0.133085 0.008412 0.008414 0.009087
59661.500000 0.321164 0.019747 0.210016 0.013796 0.111672 0.008826 0.012289 0.010229
59662.500000 0.343119 0.018798 0.190698 0.012979 0.117832 0.008494 0.037056 0.009630
59663.500000 0.267675 0.020074 0.136239 0.013040 0.110333 0.009089 0.012942 0.010456
59664.500000 0.220577 0.019407 0.136045 0.012599 0.081614 0.008574 0.006456 0.010295
59668.500000 0.302637 0.018877 0.192445 0.013654 0.115999 0.008588 0.004828 0.008932
59669.500000 0.313267 0.017540 0.174851 0.012332 0.122815 0.008119 0.015639 0.008246
59670.500000 0.291771 0.017624 0.171211 0.012734 0.104265 0.007807 0.020449 0.008577
59671.500000 0.266382 0.017242 0.158329 0.012147 0.108370 0.007736 0.000814 0.008380
59672.500000 0.299210 0.018768 0.163617 0.012981 0.112578 0.008384 0.022340 0.009305
59673.500000 0.270642 0.018336 0.157034 0.012605 0.092215 0.007980 0.026432 0.009436
59674.500000 0.286900 0.020509 0.168112 0.014152 0.100804 0.008931 0.023752 0.010559
59675.500000 0.283420 0.020859 0.147693 0.013716 0.111838 0.009213 0.017966 0.010907
59676.500000 0.291886 0.021148 0.160303 0.013978 0.110284 0.009201 0.019094 0.011236
59677.500000 0.271072 0.022706 0.144002 0.014412 0.099448 0.009692 0.024785 0.012641
59680.500000 0.216256 0.035646 0.125378 0.022462 0.073693 0.015621 0.025205 0.019912
59681.500000 0.247027 0.037352 0.120706 0.022647 0.096427 0.016466 0.025924 0.021101
59682.500000 0.299818 0.048466 0.160077 0.032176 0.107801 0.021688 0.024779 0.026364
59683.500000 0.241071 0.038708 0.223002 0.033288 0.047196 0.017248 0.004695 0.016209
59684.500000 0.355716 0.041620 0.239845 0.032863 0.110704 0.019338 0.023391 0.018978
59686.500000 0.355070 0.024629 0.226622 0.018364 0.119193 0.011157 0.023338 0.012116
59687.500000 0.360129 0.022070 0.221280 0.016405 0.129839 0.010489 0.019384 0.010245
59688.500000 0.210473 0.019133 0.139249 0.013467 0.070091 0.008841 0.008711 0.009679
59689.500000 0.303682 0.017988 0.209125 0.013633 0.097179 0.008468 0.015776 0.008300
59690.500000 0.305715 0.018373 0.188655 0.013653 0.099603 0.008711 0.026662 0.008559
59691.500000 0.284224 0.016341 0.198254 0.012297 0.101106 0.007890 -0.000919 0.007249
59692.500000 0.296012 0.016751 0.217766 0.013265 0.092415 0.007909 0.008353 0.007224
59693.500000 0.235872 0.015563 0.159683 0.011474 0.081918 0.007265 0.004449 0.007460
59694.500000 0.256247 0.015453 0.191268 0.012291 0.065571 0.006885 0.022676 0.007233
59695.500000 0.269607 0.020274 0.174877 0.014993 0.089182 0.009683 0.016129 0.009549
59696.500000 0.227682 0.022155 0.158512 0.016693 0.066612 0.010391 0.018643 0.010701
59697.500000 0.281869 0.017275 0.184714 0.013209 0.088063 0.008144 0.019549 0.007976
59698.500000 0.291720 0.017708 0.206005 0.014011 0.084979 0.008234 0.020121 0.008049
59699.500000 0.254423 0.015888 0.194111 0.012462 0.074289 0.007404 0.006043 0.007183
59700.500000 0.225507 0.014943 0.156592 0.011291 0.080853 0.007141 -0.002901 0.006757
59701.500000 0.255365 0.014970 0.169979 0.011034 0.085028 0.007185 0.011828 0.006905
59702.500000 0.368926 0.023225 0.231643 0.017395 0.124600 0.011165 0.023649 0.010352
59703.500000 0.330310 0.030053 0.201344 0.022438 0.116751 0.014348 0.020446 0.013449
59704.500000 0.346346 0.033657 0.234154 0.023994 0.125475 0.015642 0.001854 0.016256
59712.500000 0.241576 0.023846 0.168579 0.017071 0.065367 0.010445 0.028245 0.012707
59713.500000 0.176863 0.033087 0.153469 0.026029 0.050811 0.014594 -0.005185 0.016049
59715.500000 0.226502 0.034167 0.160546 0.026014 0.054686 0.015145 0.028812 0.017217
59716.500000 0.197352 0.016425 0.152579 0.012374 0.047682 0.007503 0.014688 0.008057
59717.500000 0.185743 0.015966 0.153895 0.012224 0.061385 0.007495 -0.013731 0.007470
59718.500000 0.276276 0.017735 0.192485 0.013750 0.086503 0.008225 0.011475 0.008249
59719.500000 0.183318 0.018532 0.145097 0.014291 0.059163 0.008725 -0.004937 0.008293
59720.500000 0.247744 0.014057 0.171129 0.010441 0.079180 0.006527 0.010511 0.006715
59721.500000 0.320416 0.015515 0.221912 0.012157 0.101365 0.007198 0.014368 0.006973
59722.500000 0.230840 0.013559 0.161775 0.010391 0.071865 0.006270 0.010282 0.006287
59723.500000 0.271885 0.015313 0.166536 0.011331 0.099314 0.007459 0.010077 0.006832
59724.500000 0.239898 0.015105 0.159098 0.011214 0.087940 0.007223 0.002905 0.006956
59725.500000 0.275226 0.016205 0.186575 0.012378 0.093848 0.007665 0.007529 0.007285
59726.500000 0.339995 0.017420 0.208988 0.013194 0.117563 0.008159 0.022430 0.008102
59727.500000 0.333800 0.018535 0.214862 0.013950 0.116795 0.008829 0.012902 0.008368
59728.500000 0.383034 0.023254 0.256465 0.018131 0.132029 0.010988 0.010519 0.010317
59729.500000 0.302502 0.039234 0.157523 0.026979 0.132661 0.019454 0.004474 0.019067
59730.500000 0.312661 0.020766 0.188172 0.016245 0.094424 0.009611 0.040528 0.009611
59731.500000 0.254396 0.020965 0.169031 0.015551 0.082001 0.009721 0.016928 0.010329
59732.500000 0.286594 0.018494 0.167597 0.013092 0.095916 0.008356 0.027609 0.009595
59739.500000 0.142379 0.015272 0.081052 0.009573 0.051991 0.006460 0.009818 0.008489
59740.500000 0.135046 0.015400 0.066722 0.009193 0.049350 0.006610 0.015499 0.008605
59741.500000 0.096968 0.014876 0.074313 0.009282 0.038009 0.006285 -0.006341 0.008244
59742.500000 0.169734 0.015554 0.094445 0.009991 0.056795 0.006702 0.019043 0.008326
59743.500000 0.188635 0.016178 0.106771 0.010491 0.071172 0.007039 0.010805 0.008513
59744.500000 0.161232 0.016729 0.097019 0.010938 0.058125 0.007127 0.008955 0.008971
59745.500000 0.155320 0.016885 0.097757 0.010711 0.060296 0.007322 0.001585 0.009062
59746.500000 0.237595 0.019313 0.127320 0.012611 0.095257 0.008459 0.011545 0.010131
59747.500000 0.154676 0.017762 0.083824 0.010803 0.057026 0.007725 0.013649 0.009751
59748.500000 0.138495 0.017936 0.074047 0.010563 0.050622 0.007528 0.014315 0.010338
59749.500000 0.161253 0.015683 0.096626 0.010344 0.049034 0.006435 0.019569 0.008763
59750.500000 0.136410 0.012984 0.080362 0.008513 0.049228 0.005467 0.008745 0.007065
59751.500000 0.094636 0.027889 0.063578 0.017899 0.035884 0.011882 -0.004798 0.015252
59755.500000 0.140036 0.015320 0.089185 0.009700 0.061380 0.007008 -0.006068 0.008310
59756.500000 0.118498 0.037441 0.091523 0.024095 0.059721 0.018277 -0.028240 0.019130
59757.500000 0.142968 0.031498 0.079533 0.021607 0.068230 0.015949 -0.004626 0.015287
59759.500000 0.112759 0.020250 0.061586 0.011897 0.046957 0.009499 0.001796 0.011260
59760.500000 0.098915 0.016945 0.073739 0.010660 0.028671 0.007314 0.006846 0.009980
59761.500000 0.117393 0.015046 0.061357 0.009054 0.043570 0.006965 0.009820 0.008466
59762.500000 0.122083 0.015046 0.081860 0.009991 0.035456 0.006719 0.011095 0.008301
59763.500000 0.083045 0.014115 0.078464 0.009434 0.015873 0.006385 0.002251 0.007655
59764.500000 0.112675 0.013689 0.076588 0.008925 0.037353 0.006249 0.003295 0.007457
59765.500000 0.087266 0.013328 0.071408 0.008826 0.019836 0.006074 0.006248 0.007238
59766.500000 0.064784 0.013080 0.042751 0.008061 0.015220 0.005880 0.010887 0.007481
59767.500000 0.048398 0.013029 0.034235 0.007800 0.014753 0.005864 0.004287 0.007586
59768.500000 0.025213 0.027098 0.024267 0.013976 -0.003666 0.012209 0.008859 0.017289
59769.500000 0.050618 0.013411 0.026561 0.008004 0.010537 0.005918 0.014678 0.008161
59770.500000 0.029058 0.012528 0.015541 0.007407 0.005140 0.005545 0.009276 0.007665
59771.500000 0.017687 0.011889 0.009592 0.006225 0.010061 0.005623 -0.003028 0.007152
59772.500000 0.021770 0.011087 0.022109 0.006774 0.001808 0.004872 0.002944 0.006630
59773.500000 0.020495 0.011382 0.016796 0.006373 0.001535 0.004948 0.004609 0.007036
59774.500000 0.035806 0.011104 0.015937 0.006021 0.009871 0.004899 0.009838 0.006803
59775.500000 0.010378 0.015107 0.009928 0.008317 0.009574 0.006826 -0.008554 0.008901
59776.500000 0.011484 0.025359 0.018264 0.014421 -0.006851 0.010763 0.008522 0.015413
59783.500000 -0.186153 0.089339 -0.020614 0.042289 -0.010796 0.042796 -0.135944 0.051391
59784.500000 0.038521 0.015525 0.015469 0.007731 0.015858 0.007000 0.003052 0.009509
59785.500000 0.018667 0.014436 0.019025 0.007636 0.008545 0.006549 -0.008029 0.008744
59786.500000 0.009578 0.012769 0.010667 0.006810 -0.004094 0.005439 0.006348 0.008186
59787.500000 0.022085 0.012413 0.005944 0.006648 0.010533 0.005729 0.002846 0.007544
59788.500000 -0.003605 0.011136 0.012049 0.006461 -0.000456 0.005021 -0.013423 0.006741
59789.500000 0.007478 0.011830 0.014002 0.006941 0.003336 0.005149 -0.008322 0.007338
59790.500000 0.024354 0.012482 0.003533 0.006413 0.014441 0.005930 0.002629 0.007662
59791.500000 0.034301 0.019416 0.025706 0.010463 -0.000342 0.007958 0.013236 0.013009
59792.500000 0.011299 0.010230 0.010092 0.005510 0.007334 0.004650 -0.006100 0.006112
59793.500000 0.039879 0.010692 0.014317 0.005655 0.020372 0.005030 0.001747 0.006297
59794.500000 0.027435 0.010462 0.016246 0.005571 0.000218 0.004438 0.014253 0.006644
59795.500000 0.132342 0.042244 0.053851 0.023382 0.028605 0.018882 0.047048 0.025379
59798.500000 0.006438 0.012032 0.005576 0.006244 0.002272 0.005332 -0.001306 0.007455
59799.500000 0.019146 0.012610 0.024286 0.007207 0.009036 0.005446 -0.009151 0.007734
59800.500000 0.025901 0.013682 0.031417 0.007920 0.006751 0.005917 -0.005777 0.008250
59801.500000 0.023340 0.021417 0.014026 0.011775 0.004746 0.009536 0.004149 0.013416
59802.500000 0.015764 0.017330 0.015221 0.009776 0.002914 0.007518 -0.001316 0.010963
59803.500000 0.014757 0.016465 0.008321 0.008918 0.002997 0.007323 0.003975 0.010328
59804.500000 0.046314 0.015087 0.025544 0.008085 0.011463 0.006529 0.011183 0.009503
59805.500000 0.016958 0.014372 0.006551 0.006696 0.002910 0.005948 0.007649 0.009465
59808.500000 0.013559 0.014154 0.004056 0.006492 -0.004393 0.005587 0.014881 0.009296
59809.500000 0.009791 0.015283 0.012300 0.007187 -0.000396 0.006256 0.000883 0.009628
59810.500000 0.004357 0.013430 -0.005389 0.006099 0.004715 0.005604 0.001798 0.008393
59811.500000 0.003993 0.013335 0.004117 0.005923 0.000332 0.005262 0.000416 0.008561
59812.500000 -0.022132 0.012841 -0.017181 0.005298 -0.004147 0.005239 -0.002830 0.008171
59813.500000 -0.008854 0.012921 -0.000775 0.005953 0.000888 0.005432 -0.008994 0.007842
59814.500000 -0.003692 0.013018 0.006654 0.006261 -0.009558 0.005287 0.005544 0.007995
59815.500000 0.001158 0.013262 0.005905 0.006222 -0.003555 0.005380 0.002779 0.008189
59816.500000 -0.003951 0.012871 0.002992 0.005988 0.002096 0.005430 -0.007368 0.007713
59817.500000 -0.000734 0.013904 0.002789 0.006816 0.003029 0.005624 -0.004235 0.008541
59818.500000 0.012526 0.014334 0.015352 0.007286 -0.006018 0.005639 0.008299 0.008860
59819.500000 0.033521 0.015943 0.007775 0.007353 0.015466 0.006597 0.003778 0.009772
59820.500000 0.000299 0.015036 -0.004843 0.007027 0.000132 0.005982 0.001907 0.009476
59821.500000 -0.037238 0.016507 -0.008676 0.007066 -0.010264 0.006515 -0.014011 0.010662
59822.500000 0.008445 0.016170 0.005987 0.007007 0.003293 0.006343 -0.001075 0.010528
59823.500000 0.025651 0.018384 0.001735 0.008676 -0.007351 0.006871 0.030002 0.012230
59824.500000 0.040698 0.019743 0.006537 0.008471 0.009963 0.007737 0.019533 0.013079
59825.500000 0.105310 0.029436 0.042223 0.014578 0.022742 0.012012 0.036500 0.018552
59826.500000 0.079780 0.033702 -0.028556 0.012749 0.040582 0.014168 0.033470 0.021944
59828.500000 0.086718 0.026378 0.035780 0.014596 0.034413 0.012956 0.011326 0.014795
59829.500000 0.036914 0.029827 -0.016335 0.012424 0.004292 0.013277 0.043323 0.020295
59830.500000 0.044419 0.025688 0.025528 0.014138 0.011800 0.011166 0.009419 0.016523
59831.500000 -0.165708 0.071259 0.000613 0.035273 -0.039927 0.030788 -0.103678 0.047149
59832.500000 0.046401 0.017450 0.028511 0.008874 -0.003273 0.007140 0.028261 0.011455
59833.500000 0.014733 0.016498 0.009343 0.008575 0.008677 0.007603 -0.001390 0.009948
59834.500000 0.007077 0.014607 0.019134 0.008234 -0.000294 0.006487 -0.004417 0.008836
59835.500000 0.005872 0.014154 0.021245 0.008089 -0.008914 0.006133 0.001331 0.008643
59836.500000 0.032741 0.012081 0.019745 0.006661 0.013307 0.005678 -0.000036 0.006997
59837.500000 0.001823 0.012710 0.025808 0.007489 -0.011584 0.005509 -0.001274 0.007703
59838.500000 0.010294 0.015182 0.006331 0.008408 0.002972 0.006965 0.000745 0.009007
59839.500000 0.025283 0.014598 0.022288 0.008239 0.005272 0.006640 0.000415 0.008616
59840.500000 0.015334 0.014448 0.014431 0.007606 -0.001204 0.006552 0.005339 0.008719
59841.500000 0.032459 0.029167 0.057342 0.019509 -0.006366 0.012262 -0.002673 0.017551
59842.500000 0.005051 0.012423 0.022547 0.007175 -0.009312 0.005634 -0.000382 0.007542
59843.500000 0.044137 0.020934 0.023728 0.011201 0.006686 0.010013 0.014819 0.012421
59844.500000 0.002499 0.013379 0.016465 0.006836 -0.004090 0.006025 -0.002731 0.008162
59845.500000 0.024055 0.013601 0.023745 0.007602 0.001789 0.006100 0.003929 0.008295
59846.500000 0.018619 0.013500 0.033508 0.007668 0.007034 0.006273 -0.013739 0.007842
59847.500000 -0.003372 0.015662 0.014647 0.008201 -0.012983 0.007226 0.003405 0.009363
59856.500000 0.009392 0.026633 -0.008132 0.012078 0.009016 0.012171 0.001462 0.016381
59857.500000 0.046600 0.017540 0.024904 0.008827 0.015000 0.007669 0.007395 0.011061
59858.500000 0.011536 0.015389 0.015926 0.007935 0.004993 0.007236 -0.007517 0.009144
59859.500000 -0.003954 0.013881 0.003854 0.007070 0.004463 0.006511 -0.012630 0.008406
59860.500000 0.033107 0.014301 0.024150 0.007764 0.006033 0.006579 0.007091 0.008745
59861.500000 0.061373 0.013821 0.034679 0.007488 0.014311 0.006498 0.015910 0.008368
59862.500000 0.015441 0.014873 0.026616 0.008694 0.008008 0.007033 -0.015060 0.008646
59863.500000 0.034387 0.019503 0.025869 0.010764 0.017485 0.009328 -0.006576 0.011575
59864.500000 0.032041 0.015560 0.031488 0.008442 0.009120 0.007175 -0.003071 0.009351
59865.500000 0.031661 0.012558 0.026494 0.006679 0.011254 0.005780 -0.003287 0.007450
59866.500000 0.046984 0.013045 0.043181 0.007396 0.015032 0.006024 -0.004142 0.007577
59867.500000 0.040871 0.012742 0.036482 0.007359 0.014302 0.005966 -0.005600 0.007241
59868.500000 0.029396 0.013341 0.039100 0.007596 0.003193 0.006357 -0.003512 0.007486
59869.500000 0.046953 0.013766 0.033432 0.007754 0.006353 0.006427 0.011497 0.007960
59870.500000 0.050869 0.015523 0.032171 0.008439 0.016887 0.007496 0.002566 0.008744
59871.500000 0.098398 0.015644 0.057653 0.009148 0.021155 0.007080 0.024196 0.009139
59872.500000 0.078624 0.016822 0.059081 0.009796 0.024723 0.007789 0.001729 0.009598
59873.500000 0.104766 0.017688 0.071415 0.010394 0.024292 0.007958 0.018083 0.010329
59874.500000 0.190835 0.044628 0.069626 0.023913 0.084162 0.020725 0.027398 0.027145
59875.500000 0.190257 0.021586 0.150829 0.015651 0.066874 0.009950 -0.014841 0.010835
59876.500000 0.281571 0.023107 0.166779 0.016235 0.106904 0.011078 0.011296 0.011393
59877.500000 0.303337 0.019173 0.188557 0.013017 0.098738 0.008884 0.026786 0.009998
59878.500000 0.303973 0.017705 0.143887 0.011372 0.119756 0.008310 0.030109 0.009250
59879.500000 0.334099 0.021792 0.157534 0.014120 0.116774 0.009760 0.050219 0.011783
59880.500000 0.224866 0.022147 0.134712 0.014591 0.083654 0.009931 0.014186 0.011680
59881.500000 0.188005 0.017676 0.112904 0.011627 0.061301 0.007532 0.019124 0.009780
59882.500000 0.190347 0.016766 0.118841 0.011253 0.070613 0.007325 0.007481 0.008923
59883.500000 0.239582 0.017581 0.150077 0.011936 0.094363 0.007743 0.001616 0.009128
59884.500000 0.233221 0.016939 0.136357 0.011318 0.073897 0.007259 0.027941 0.009041
59885.500000 0.200842 0.019940 0.146843 0.014178 0.069242 0.008876 -0.001503 0.009785
59886.500000 0.213689 0.017579 0.102272 0.010789 0.078437 0.007874 0.026288 0.009279
59887.500000 0.268760 0.019034 0.166685 0.013193 0.099633 0.008571 0.011274 0.009340
59888.500000 0.257868 0.018100 0.158572 0.012277 0.106326 0.008295 -0.000271 0.008816
59889.500000 0.276484 0.019681 0.137205 0.012743 0.112476 0.009027 0.017658 0.009828
59890.500000 0.268597 0.019274 0.133374 0.012134 0.099022 0.008572 0.028886 0.010153
59891.500000 0.205238 0.020453 0.135322 0.013175 0.077307 0.009079 0.002901 0.010698
59892.500000 0.212941 0.020105 0.145646 0.013359 0.076810 0.008690 0.003566 0.010687
59893.500000 0.169183 0.020304 0.082282 0.011284 0.063678 0.008811 0.017650 0.011567
59894.500000 0.210532 0.020900 0.129609 0.012773 0.072222 0.008748 0.015983 0.011957
59895.500000 0.242928 0.024485 0.125863 0.014247 0.078521 0.010452 0.038202 0.014127
59896.500000 0.265730 0.025941 0.128447 0.015484 0.091980 0.011051 0.037947 0.014880
59897.500000 0.246923 0.031999 0.152394 0.020488 0.087420 0.014019 0.017892 0.017739
59898.500000 0.220138 0.014976 0.128584 0.010072 0.081490 0.006558 0.013319 0.007889
59899.500000 0.296425 0.029417 0.184985 0.020720 0.110783 0.014084 0.005733 0.014264
59900.500000 0.222837 0.039984 0.092848 0.024630 0.082821 0.019546 0.038638 0.021600
59901.500000 0.314900 0.038325 0.168877 0.025990 0.108543 0.017942 0.035690 0.020226
59902.500000 0.306167 0.036873 0.205284 0.028807 0.098473 0.017342 0.014552 0.016537
59903.500000 0.295604 0.049244 0.146052 0.032702 0.143310 0.025796 -0.009385 0.022165
59904.500000 0.268107 0.025061 0.151557 0.016431 0.087424 0.011652 0.029876 0.013409
59905.500000 0.204685 0.020230 0.152408 0.013820 0.069763 0.009224 -0.003667 0.010627
59906.500000 0.298029 0.020283 0.192741 0.014170 0.086313 0.009421 0.029902 0.010243
59907.500000 0.262530 0.017484 0.161071 0.012244 0.085833 0.007994 0.022578 0.009025
59908.500000 0.339561 0.018318 0.196858 0.013109 0.114234 0.008645 0.036652 0.009036
59909.500000 0.342379 0.016825 0.209420 0.012534 0.107288 0.007945 0.034685 0.007807
59910.500000 0.297360 0.017194 0.158217 0.012356 0.106632 0.008314 0.028549 0.007979
59911.500000 0.251448 0.019275 0.149678 0.013812 0.075839 0.008998 0.031599 0.009442
59912.500000 0.194296 0.024829 0.133021 0.016320 0.065358 0.011629 0.003801 0.012961
59913.500000 0.180283 0.047629 0.140615 0.034551 0.025360 0.019744 0.036123 0.026402
59934.500000 -0.041207 0.090720 0.059145 0.065793 -0.013719 0.036034 -0.063238 0.052923
59935.500000 0.088557 0.021224 0.046063 0.013085 0.028971 0.009707 0.013892 0.012387
59936.500000 0.090126 0.032690 0.081945 0.020507 -0.006905 0.013293 0.040089 0.021129
59937.500000 0.138909 0.012986 0.061192 0.007765 0.042501 0.005988 0.032163 0.007392
59938.500000 0.126785 0.012662 0.043391 0.007212 0.037477 0.005732 0.037622 0.007419
59939.500000 0.106813 0.012453 0.048946 0.007434 0.029128 0.005593 0.026951 0.007235
59940.500000 0.072140 0.013337 0.049741 0.008358 0.015089 0.005968 0.012976 0.007590
59941.500000 0.067136 0.013277 0.044775 0.007925 0.018571 0.006114 0.008760 0.007599
59942.500000 0.044620 0.014052 0.019672 0.008510 0.022703 0.006454 -0.001592 0.007968
59943.500000 0.090193 0.014693 0.039486 0.008560 0.026257 0.006679 0.022713 0.008575
59944.500000 0.106484 0.016841 0.045075 0.009589 0.036125 0.007790 0.021836 0.009724
59945.500000 0.092054 0.016934 0.051246 0.009954 0.032505 0.007770 0.007263 0.009615
59946.500000 0.131109 0.020399 0.051472 0.011004 0.046672 0.009513 0.028110 0.012026
59947.500000 0.110529 0.032088 0.077465 0.020169 0.065462 0.015086 -0.035563 0.017741
59948.500000 0.119243 0.021046 0.062010 0.012258 0.039492 0.009566 0.016206 0.012529
59949.500000 0.097469 0.017525 0.055267 0.010303 0.043310 0.008127 -0.003676 0.009996
59950.500000 0.132424 0.017855 0.078176 0.010565 0.038282 0.007835 0.020936 0.010532
59951.500000 0.139811 0.015706 0.092381 0.009486 0.054262 0.006781 0.000388 0.009224
59952.500000 0.157362 0.017332 0.091961 0.010610 0.055822 0.007481 0.013014 0.009958
59953.500000 0.152713 0.016232 0.086906 0.009808 0.054020 0.007093 0.012189 0.009185
59954.500000 0.147722 0.017077 0.089400 0.010312 0.053776 0.007376 0.006443 0.009662
59955.500000 0.149433 0.015186 0.077778 0.009209 0.051529 0.006593 0.017707 0.008444
59956.500000 0.099385 0.015381 0.067765 0.009144 0.036900 0.006730 0.000084 0.008532
59957.500000 0.086835 0.014823 0.059147 0.008631 0.037857 0.006485 -0.007344 0.008227
59958.500000 0.105901 0.015719 0.043083 0.008531 0.043451 0.006829 0.012734 0.008962
59959.500000 0.062813 0.014843 0.060197 0.008707 0.020281 0.006294 -0.005010 0.008382
59960.500000 0.051805 0.015023 0.018490 0.007895 0.022179 0.006240 0.004440 0.008852
59961.500000 0.030521 0.014558 0.015205 0.007121 0.012167 0.005991 0.001663 0.008793
59962.500000 0.042692 0.015535 0.018301 0.007176 0.014854 0.006506 0.005884 0.009370
59963.500000 -0.014572 0.015403 0.008247 0.007119 -0.002601 0.006056 -0.014692 0.009671
59964.500000 0.028223 0.017369 0.016991 0.007355 0.011606 0.007155 -0.001031 0.010805
59965.500000 0.005802 0.015916 -0.003727 0.006342 0.005793 0.006529 0.000863 0.010110
59966.500000 0.006584 0.018233 -0.005339 0.007507 0.002815 0.007181 0.004641 0.011870
59967.500000 -0.011286 0.017247 0.001541 0.007013 0.001011 0.006946 -0.011176 0.011174
59968.500000 0.054026 0.020340 0.006807 0.008573 0.015765 0.008071 0.021835 0.013288
59969.500000 0.023548 0.026002 0.014207 0.011116 0.010636 0.010940 -0.001267 0.016440
59970.500000 0.020730 0.029637 -0.002502 0.011991 0.010327 0.012386 0.008727 0.019195
59971.500000 0.108284 0.036394 0.027295 0.015341 0.034620 0.014433 0.036088 0.024288
59972.500000 0.046579 0.031905 0.008344 0.016977 0.015581 0.015011 0.022793 0.019387
59973.500000 0.024874 0.027078 0.010935 0.013656 0.003836 0.011788 0.010746 0.017814
59974.500000 0.009075 0.028762 0.007679 0.013302 0.010495 0.013819 -0.006785 0.018064
59975.500000 0.035657 0.040623 -0.008773 0.016430 0.015109 0.018283 0.020186 0.027353
59976.500000 0.021439 0.026250 0.011603 0.013822 0.013580 0.012060 -0.006394 0.016240
59977.500000 0.043785 0.017347 0.007283 0.008070 0.009363 0.007626 0.021727 0.011059
59978.500000 0.048120 0.017511 0.023682 0.008725 0.014932 0.007752 0.007833 0.010986
59979.500000 0.037759 0.015429 0.025174 0.007881 0.003519 0.006967 0.014742 0.009535
59980.500000 0.031396 0.014685 0.015956 0.007677 0.014008 0.006877 0.001129 0.008743
59981.500000 0.029850 0.013612 0.020691 0.007061 0.019779 0.006448 -0.012023 0.008003
59982.500000 0.052622 0.014199 0.017977 0.007461 0.022066 0.006750 0.008552 0.008302
59983.500000 0.033180 0.013484 0.027068 0.007416 0.018137 0.006336 -0.012293 0.007775
59984.500000 0.034463 0.013246 0.013438 0.007004 0.013624 0.006174 0.002754 0.007785
59985.500000 0.045131 0.013657 0.033767 0.007685 0.026226 0.006578 -0.013913 0.007586
59986.500000 0.080143 0.025843 0.054240 0.014404 0.022777 0.012004 0.007856 0.015663
59987.500000 0.075727 0.016528 0.037647 0.009601 0.020991 0.007713 0.016509 0.009770
59988.500000 0.087190 0.014189 0.043149 0.008317 0.032371 0.006654 0.012483 0.008357
59989.500000 0.110644 0.014136 0.088494 0.009613 0.034885 0.006666 -0.004536 0.007358
59990.500000 0.121615 0.014241 0.105449 0.010024 0.036063 0.006631 -0.006957 0.007316
59991.500000 0.167198 0.015723 0.101557 0.010360 0.054677 0.007412 0.015698 0.008279
59992.500000 0.073281 0.017470 0.083486 0.011495 0.023565 0.008167 -0.020117 0.009149
59993.500000 0.094195 0.048278 0.077835 0.029283 0.032828 0.022972 -0.008463 0.025877
59995.500000 0.212795 0.042254 0.141079 0.027317 0.058478 0.019033 0.028575 0.022721
60001.500000 0.140304 0.054582 0.048796 0.031227 0.067901 0.025623 0.006544 0.030099
60002.500000 0.142582 0.016816 0.097083 0.010573 0.033753 0.007237 0.022295 0.009728
60003.500000 0.070699 0.016037 0.067035 0.009944 0.020091 0.007276 -0.006744 0.009048
60004.500000 0.072278 0.014192 0.058543 0.008604 0.023253 0.006360 -0.002131 0.008312
60005.500000 0.076736 0.013878 0.069185 0.009022 0.019063 0.006210 -0.001420 0.007866
60006.500000 0.075338 0.013464 0.052120 0.008035 0.022743 0.006261 0.002705 0.007756
60007.500000 0.037983 0.013857 0.051277 0.008749 0.006359 0.006185 -0.010501 0.008088
60008.500000 0.057712 0.013899 0.036535 0.008099 0.011253 0.006095 0.013149 0.008649
60009.500000 0.017598 0.027113 0.014996 0.013407 0.009351 0.012315 -0.008953 0.017433
60010.500000 0.028810 0.012568 0.018009 0.006447 0.011794 0.005666 -0.000568 0.007727
60011.500000 0.025974 0.012447 0.004786 0.006350 0.005694 0.005642 0.012259 0.007610
60012.500000 0.003864 0.012178 0.011310 0.006321 0.000691 0.005682 -0.005679 0.007232
60013.500000 0.033532 0.012789 0.007833 0.006675 0.008662 0.005778 0.014019 0.007840
60014.500000 0.017999 0.012241 0.008388 0.006039 0.003972 0.005717 0.004714 0.007391
60015.500000 0.007014 0.013259 0.013840 0.006665 0.008008 0.006232 -0.012542 0.007938
60016.500000 0.045383 0.014234 0.024926 0.007314 0.019093 0.006785 0.000895 0.008314
60017.500000 0.016166 0.014756 0.016535 0.007523 -0.009268 0.006392 0.014065 0.009313
60018.500000 0.027510 0.015813 0.010156 0.007697 0.009851 0.007208 0.005819 0.009699
60019.500000 0.060027 0.024559 0.020539 0.012169 0.018546 0.010911 0.017072 0.015695
60020.500000 0.056917 0.020845 0.015771 0.009505 0.016324 0.009347 0.019569 0.013486
60024.500000 0.012022 0.014354 0.004239 0.006639 -0.002225 0.005882 0.009687 0.009322
60025.500000 0.012329 0.014462 0.007807 0.006572 0.007286 0.006148 -0.003792 0.009154
60026.500000 0.018002 0.014461 0.005023 0.006206 0.007387 0.005995 0.003050 0.009268
60027.500000 0.014777 0.015392 -0.000415 0.006391 -0.000776 0.006410 0.013259 0.009799
60028.500000 0.003211 0.013832 -0.004454 0.006063 -0.007157 0.005441 0.013753 0.008954
60029.500000 0.011305 0.014491 0.001654 0.006518 0.001805 0.005835 0.008471 0.009217
60030.500000 0.005384 0.013753 0.012121 0.006154 0.004780 0.005753 -0.006462 0.008470
60031.500000 0.007401 0.013668 -0.003996 0.006205 0.004341 0.005643 0.003859 0.008455
60032.500000 -0.007702 0.011956 0.001698 0.006055 -0.008306 0.004790 0.002421 0.007270
60033.500000 -0.007733 0.010298 0.003764 0.005273 -0.005481 0.004210 -0.001966 0.006152
60034.500000 -0.000426 0.010948 0.000393 0.005270 -0.000660 0.004540 0.001155 0.006532
60037.500000 0.007168 0.015807 -0.004014 0.007339 0.004590 0.006084 0.002422 0.010112
60038.500000 0.000909 0.016040 0.011249 0.006884 -0.007773 0.006174 0.003678 0.010423
60039.500000 0.027280 0.016596 0.008349 0.006881 -0.005815 0.006276 0.025971 0.011019
60040.500000 -0.017879 0.016995 -0.005553 0.006995 -0.007350 0.006676 -0.003826 0.011187
60041.500000 -0.006661 0.018251 -0.003947 0.007486 0.006181 0.007518 -0.010284 0.011719
60042.500000 0.028071 0.020859 0.007871 0.008540 0.002573 0.008015 0.017267 0.014052
60043.500000 -0.053257 0.025906 -0.007074 0.010250 -0.006052 0.010237 -0.035672 0.017279
60044.500000 0.005389 0.027494 0.008052 0.011585 -0.001695 0.011104 0.003883 0.018148
60045.500000 0.126298 0.036237 0.028067 0.016915 0.024093 0.014801 0.060912 0.023269
60046.500000 0.071506 0.025903 0.030065 0.014379 0.014940 0.011807 0.031439 0.016192
60047.500000 0.047790 0.028315 0.047744 0.018892 -0.005464 0.012150 0.017339 0.016501
60048.500000 -0.020446 0.075748 0.007853 0.034518 0.050107 0.036980 -0.098519 0.046865
60049.500000 0.013660 0.024190 0.011023 0.012249 0.006961 0.011055 -0.000893 0.015326
60050.500000 0.044349 0.017291 0.032574 0.009118 0.004871 0.007743 0.013277 0.010611
60051.500000 0.022250 0.015153 0.017573 0.007583 -0.005898 0.006555 0.016875 0.009728
60052.500000 0.004404 0.015181 0.025849 0.008882 0.000036 0.006835 -0.014302 0.008940
60053.500000 0.011430 0.013395 0.011543 0.007160 0.003301 0.005917 -0.001550 0.008258
60054.500000 0.010935 0.012724 0.021763 0.007236 -0.003635 0.005593 -0.000478 0.007716
60055.500000 0.000471 0.012551 0.017433 0.006861 -0.003634 0.005685 -0.007517 0.007538
60056.500000 0.009858 0.012205 0.014845 0.006629 0.003153 0.005556 -0.004760 0.007283
60057.500000 0.010249 0.012099 0.008351 0.006504 0.002787 0.005623 0.000325 0.007108
60058.500000 -0.009419 0.012050 0.017086 0.006945 -0.011189 0.005344 -0.006054 0.007262
60059.500000 -0.074964 0.027159 -0.001745 0.013728 -0.031457 0.011256 -0.031722 0.018500
60060.500000 -0.010994 0.012133 0.009719 0.007078 -0.005502 0.005563 -0.009857 0.007272
60061.500000 0.006504 0.017037 0.001395 0.007821 -0.000502 0.008260 0.007767 0.010586
60062.500000 0.006259 0.043018 -0.017139 0.017991 -0.022760 0.019321 0.046177 0.028487
60063.500000 0.000038 0.019354 0.015515 0.009779 -0.015730 0.007897 0.007778 0.012977
60064.500000 0.085385 0.045720 0.040009 0.026643 0.003270 0.017847 0.042995 0.029685
