59688.500000 -0.019992 0.011806 -0.012704 0.007019 0.001115 0.005256 -0.011106 0.006945
59689.500000 -0.002071 0.010890 0.002331 0.005883 0.001945 0.004942 -0.006142 0.006550
59690.500000 -0.012843 0.010845 -0.002675 0.006066 -0.002552 0.004905 -0.006678 0.006471
59691.500000 0.005409 0.010057 0.001112 0.005550 0.002885 0.004442 -0.000035 0.006158
59692.500000 -0.021297 0.011057 -0.003438 0.006330 -0.004015 0.004813 -0.013009 0.006676
59693.500000 0.011869 0.011460 -0.005266 0.005341 0.002808 0.005124 0.011358 0.007391
59694.500000 0.002872 0.017269 0.006442 0.011256 -0.003337 0.007325 0.005425 0.010621
59695.500000 0.010301 0.010523 0.000430 0.005719 0.008683 0.005058 -0.000715 0.006247
59696.500000 -0.003089 0.010837 -0.001167 0.006390 0.000319 0.004827 -0.003414 0.006635
59697.500000 0.001685 0.009788 -0.004442 0.005526 -0.003247 0.004346 0.007975 0.006050
59698.500000 0.011393 0.010373 -0.002281 0.005897 0.008367 0.004632 0.002354 0.006320
59699.500000 0.011516 0.010944 0.009510 0.006363 0.001528 0.004866 0.002183 0.006525
59703.500000 0.042032 0.046521 0.030460 0.023995 0.007427 0.019527 0.008019 0.028662
59710.500000 -0.215260 0.104978 -0.021843 0.044575 -0.067315 0.050624 -0.106549 0.064348
59711.500000 0.051330 0.018667 0.029031 0.010459 0.024039 0.008739 -0.002816 0.010819
59712.500000 -0.002239 0.012320 0.000085 0.006450 0.000904 0.005790 -0.004743 0.007403
59713.500000 0.014482 0.012680 0.000588 0.006767 0.010837 0.005908 -0.001094 0.007711
59714.500000 0.010436 0.010948 -0.001129 0.005900 0.005780 0.005109 0.005330 0.006706
59715.500000 0.013883 0.010900 0.011837 0.006109 0.003013 0.005064 0.001866 0.006644
59716.500000 0.015773 0.019567 0.038239 0.012007 -0.004550 0.008579 -0.007256 0.011924
59717.500000 0.029133 0.010673 0.013156 0.005715 0.006339 0.004767 0.009402 0.006560
59718.500000 0.000543 0.009433 -0.001319 0.005069 0.005607 0.004376 -0.006352 0.005552
59719.500000 -0.004031 0.009628 -0.010616 0.004752 -0.004121 0.004358 0.007794 0.005970
59720.500000 -0.000066 0.009479 0.006891 0.005466 -0.001295 0.004281 -0.003752 0.005579
59721.500000 -0.009965 0.009499 -0.000615 0.005657 -0.004787 0.004203 -0.001730 0.005647
59722.500000 -0.004751 0.009967 -0.002062 0.005464 0.000027 0.004578 -0.003653 0.005917
59723.500000 0.000074 0.011554 -0.002392 0.006301 0.008919 0.005323 -0.008259 0.006855
59724.500000 0.005519 0.011696 -0.007981 0.005991 0.006470 0.005230 0.001485 0.007199
59725.500000 0.004046 0.012567 0.001612 0.006998 -0.002803 0.005358 0.005286 0.007839
59726.500000 -0.009183 0.023943 0.006275 0.013313 0.000091 0.010933 -0.013111 0.014562
59727.500000 -0.006724 0.013435 -0.000372 0.006855 -0.003318 0.006174 -0.001767 0.008389
59728.500000 -0.021169 0.014064 -0.005941 0.007992 -0.003570 0.006172 -0.008336 0.008861
59729.500000 0.021463 0.015029 0.000487 0.007660 0.014559 0.006938 0.000090 0.009230
59730.500000 -0.013596 0.014082 -0.003678 0.007205 -0.002788 0.005819 -0.006946 0.009167
59731.500000 -0.021208 0.014098 -0.024818 0.006548 -0.012077 0.005683 0.011281 0.009412
59732.500000 0.015036 0.013781 0.003084 0.007495 0.000981 0.005640 0.009357 0.008571
59739.500000 0.524761 0.020014 0.231937 0.014252 0.201722 0.009291 0.061848 0.009157
59740.500000 0.519443 0.020645 0.276807 0.015856 0.196709 0.009512 0.039899 0.008957
59741.500000 0.536863 0.020020 0.264711 0.014898 0.197905 0.009255 0.057782 0.008836
59742.500000 0.488782 0.021931 0.238708 0.015901 0.185652 0.010165 0.047386 0.009899
59743.500000 0.442613 0.020385 0.219018 0.014508 0.165742 0.009288 0.043080 0.009545
59744.500000 0.374692 0.020643 0.187667 0.014622 0.138734 0.009329 0.038109 0.009887
59745.500000 0.345350 0.019898 0.177654 0.013847 0.135501 0.009107 0.024341 0.009541
59746.500000 0.353719 0.020717 0.170420 0.014132 0.127806 0.009097 0.044001 0.010611
59747.500000 0.319685 0.020018 0.164265 0.013558 0.118782 0.008893 0.029337 0.010218
59748.500000 0.305003 0.024991 0.148588 0.016658 0.112298 0.010870 0.036083 0.013277
59749.500000 0.245495 0.019821 0.103974 0.013306 0.108952 0.008927 0.014488 0.010020
59750.500000 0.250396 0.013590 0.127736 0.009693 0.092773 0.006119 0.024657 0.006696
59751.500000 0.238985 0.033832 0.124620 0.023323 0.079085 0.014366 0.034829 0.018137
59755.500000 0.220181 0.020133 0.106016 0.013266 0.074611 0.010000 0.036483 0.009938
59756.500000 0.104082 0.095602 0.098252 0.072228 -0.006093 0.036741 0.034454 0.055367
59757.500000 0.142392 0.018141 0.071651 0.011688 0.051165 0.008322 0.018468 0.009979
59758.500000 0.136415 0.015803 0.054441 0.009796 0.052085 0.007205 0.023894 0.008902
59759.500000 0.137668 0.014540 0.057633 0.009104 0.044836 0.006786 0.029601 0.007913
59760.500000 0.065730 0.012985 0.041501 0.007812 0.017906 0.006125 0.009380 0.007208
59761.500000 0.043568 0.012254 0.002394 0.006497 0.026103 0.005776 0.004368 0.007174
59762.500000 0.029742 0.011914 0.007545 0.006911 0.012783 0.005485 0.006411 0.006895
59763.500000 -0.008865 0.010639 -0.001944 0.005908 0.000465 0.004802 -0.006852 0.006361
59764.500000 -0.014560 0.010519 0.000663 0.005905 -0.003597 0.004900 -0.008187 0.006139
59765.500000 -0.013736 0.010087 0.010270 0.005940 -0.009186 0.004486 -0.008302 0.005913
59766.500000 0.024735 0.014848 0.011427 0.008530 0.008791 0.006499 0.004070 0.009204
59767.500000 0.006741 0.013771 -0.000344 0.007844 0.004414 0.006395 0.000849 0.008260
59768.500000 0.019598 0.010946 0.006773 0.006308 0.000452 0.004914 0.013481 0.006695
59769.500000 0.000632 0.010620 0.001847 0.006210 0.001516 0.004779 -0.002682 0.006385
59770.500000 -0.001272 0.011136 0.003749 0.006677 0.000020 0.004882 -0.004966 0.006724
59771.500000 -0.007803 0.010268 -0.002952 0.005788 -0.006504 0.004646 0.003513 0.006188
59772.500000 0.000303 0.010171 0.001635 0.005786 -0.003458 0.004645 0.002002 0.005937
59773.500000 0.008550 0.010756 0.003826 0.005869 0.003143 0.004850 0.000582 0.006353
59774.500000 -0.020498 0.010462 -0.000681 0.005947 -0.006106 0.004768 -0.010581 0.005998
59775.500000 -0.013355 0.012882 -0.002303 0.007125 -0.005742 0.005662 -0.003012 0.007555
59776.500000 0.038021 0.032102 0.000539 0.013157 0.018179 0.014649 0.011566 0.019770
59781.500000 -0.485683 0.156567 -0.047834 0.033824 -0.199674 0.065133 -0.153608 0.110824
59782.500000 0.022563 0.015333 0.016831 0.008686 0.007776 0.006835 0.000958 0.009254
59783.500000 -0.006429 0.013625 -0.003256 0.006944 -0.002173 0.006205 0.000486 0.008458
59784.500000 0.011683 0.011592 0.005254 0.005769 -0.001133 0.005129 0.007234 0.007448
59785.500000 -0.019097 0.010831 -0.002209 0.006140 -0.006184 0.004731 -0.008160 0.006811
59786.500000 -0.010110 0.010170 -0.001336 0.005292 -0.002957 0.004801 -0.004598 0.006227
59787.500000 0.012708 0.010984 0.003543 0.006224 0.006512 0.005085 0.002522 0.006655
59788.500000 -0.025103 0.017792 -0.014921 0.008282 -0.007904 0.007861 -0.003337 0.011859
59789.500000 0.021560 0.010805 0.008445 0.005951 0.008459 0.004900 0.003884 0.006516
59790.500000 -0.002669 0.009472 0.003470 0.004877 -0.005124 0.004147 0.001337 0.005925
59791.500000 0.007856 0.009632 -0.004944 0.004792 0.003777 0.004496 0.005666 0.005783
59792.500000 -0.005907 0.009328 -0.004336 0.004856 -0.000860 0.004143 -0.002681 0.005795
59793.500000 -0.004301 0.009955 -0.002743 0.005540 0.002027 0.004419 -0.003289 0.006076
59794.500000 -0.000019 0.009637 0.004066 0.005504 -0.001232 0.004246 -0.002463 0.005810
59798.500000 -0.019888 0.013860 -0.008755 0.007176 -0.009118 0.006254 -0.001859 0.008571
59799.500000 0.019646 0.026243 0.010999 0.013730 0.020805 0.012055 -0.013503 0.016449
59800.500000 0.037638 0.014865 0.006949 0.008825 0.016521 0.007024 0.013020 0.008704
59801.500000 0.029768 0.014874 0.013319 0.007883 0.010502 0.006771 0.005156 0.009192
59802.500000 0.005024 0.014939 0.000460 0.008433 0.007263 0.006609 -0.005301 0.009126
59803.500000 0.015944 0.013906 -0.012198 0.006333 0.001815 0.006090 0.020271 0.008892
59804.500000 0.019424 0.013251 -0.007338 0.007283 0.009544 0.005686 0.010673 0.008044
59805.500000 -0.028616 0.013503 -0.023097 0.007287 -0.011608 0.005336 0.002936 0.008615
59808.500000 0.018631 0.013413 -0.008993 0.006874 0.013744 0.005624 0.003918 0.008030
59809.500000 0.018626 0.013126 -0.008870 0.006592 0.002331 0.005331 0.017660 0.008013
59810.500000 -0.007880 0.012371 0.008534 0.006537 -0.011920 0.004924 0.002404 0.007524
59811.500000 -0.002798 0.012741 0.003380 0.006494 -0.007745 0.005299 0.004886 0.007530
59812.500000 0.003497 0.012453 0.003240 0.006346 0.002558 0.005195 -0.001646 0.007344
59813.500000 0.024548 0.012732 0.006612 0.006753 0.007828 0.005284 0.007218 0.007458
59814.500000 0.032141 0.013215 0.015141 0.006974 0.010618 0.005271 0.005800 0.007932
59815.500000 0.031886 0.013635 0.005850 0.006372 0.013611 0.005836 0.006154 0.007992
59816.500000 0.001038 0.013749 -0.009915 0.006531 0.007263 0.005651 -0.000984 0.008310
59817.500000 0.043985 0.015000 0.008608 0.007883 0.015056 0.005905 0.012457 0.009143
59818.500000 0.020531 0.015070 0.020571 0.007998 0.013276 0.006141 -0.009824 0.009032
59819.500000 0.024558 0.015614 0.018795 0.008209 0.006575 0.006323 0.002459 0.009510
59820.500000 0.056565 0.015675 0.039759 0.008854 0.014927 0.006327 0.005815 0.009406
59821.500000 0.036703 0.020338 0.015371 0.010321 0.020272 0.008193 -0.004143 0.012629
59822.500000 0.037161 0.023665 0.030662 0.012953 0.021723 0.009537 -0.012799 0.014574
59823.500000 0.057003 0.029975 0.052591 0.017573 -0.000086 0.011492 0.017309 0.018778
59824.500000 -0.008910 0.059187 -0.080069 0.031767 0.033420 0.025356 -0.004414 0.035388
59825.500000 -0.037412 0.061918 -0.051325 0.029632 -0.011546 0.023520 0.015980 0.043776
59826.500000 0.005402 0.030371 0.012113 0.016852 -0.002254 0.014410 -0.000687 0.017651
59827.500000 -0.010868 0.022163 -0.001085 0.013288 0.003252 0.009613 -0.013408 0.013566
59828.500000 0.028947 0.021802 0.002476 0.011350 0.006106 0.010768 0.016250 0.012607
59829.500000 0.213626 0.072259 0.002654 0.029586 0.068431 0.033335 0.109671 0.047649
59830.500000 0.024424 0.013970 0.005978 0.007407 0.002970 0.005762 0.014617 0.008992
59831.500000 0.001331 0.013051 0.007244 0.006252 0.000022 0.005913 -0.004453 0.008144
59832.500000 0.011305 0.011936 0.005721 0.006400 -0.002536 0.005441 0.010129 0.007155
59833.500000 -0.011746 0.012034 -0.006252 0.006866 -0.002216 0.005283 -0.001474 0.007323
59834.500000 -0.002658 0.011384 0.005738 0.006319 -0.001872 0.005286 -0.003872 0.006680
59835.500000 0.015591 0.011303 0.006179 0.006248 0.000185 0.005042 0.008570 0.006829
59836.500000 0.016168 0.010474 0.000471 0.005547 0.004015 0.004776 0.009358 0.006320
59837.500000 0.002052 0.011005 0.001231 0.005879 0.005900 0.005187 -0.005692 0.006411
59838.500000 -0.015297 0.013016 -0.005275 0.007248 -0.002912 0.005854 -0.006359 0.007819
59839.500000 0.037218 0.022090 0.006611 0.010456 0.015589 0.010557 0.011130 0.013940
59840.500000 0.012787 0.013698 0.001040 0.007517 0.017764 0.006598 -0.008653 0.008142
59841.500000 -0.007160 0.011275 0.009101 0.007124 -0.004933 0.005027 -0.006045 0.006644
59842.500000 0.007697 0.010092 0.004428 0.005957 0.003045 0.004544 0.001810 0.006106
59843.500000 0.011184 0.017449 0.001697 0.010045 0.009417 0.008459 -0.003506 0.009774
59844.500000 -0.029341 0.048351 -0.000493 0.025353 0.019324 0.026422 -0.041248 0.025148
59848.500000 0.049910 0.032576 0.062751 0.018535 0.006036 0.014539 -0.001044 0.018830
59849.500000 0.063029 0.017708 0.017032 0.008706 0.016422 0.007977 0.025866 0.010547
59854.500000 -0.118668 0.030637 -0.003206 0.014503 -0.053585 0.013059 -0.034969 0.019896
59855.500000 0.022568 0.016068 0.001893 0.007766 0.011867 0.007226 0.005843 0.010094
59856.500000 0.010434 0.014079 0.007100 0.007348 0.004250 0.006393 0.000310 0.008683
59857.500000 0.014844 0.013102 -0.005112 0.006362 0.007913 0.006003 0.006830 0.008306
59858.500000 -0.001229 0.012306 -0.003176 0.006593 0.007483 0.005779 -0.007888 0.007441
59859.500000 0.007896 0.012284 0.006175 0.006584 0.003677 0.005701 -0.000562 0.007531
59860.500000 0.007203 0.012409 0.000405 0.006727 0.005848 0.005677 0.000427 0.007719
59861.500000 0.022354 0.024074 0.004672 0.013049 0.004391 0.010758 0.011073 0.015169
59862.500000 0.025880 0.012562 -0.000211 0.006151 0.011032 0.005734 0.008884 0.007745
59863.500000 0.004527 0.014160 -0.004570 0.007186 0.001433 0.006600 0.005741 0.008475
59864.500000 0.003065 0.011341 -0.001984 0.005818 -0.002348 0.005127 0.006344 0.006947
59865.500000 0.010818 0.010995 -0.004081 0.005593 0.013361 0.005225 -0.004823 0.006454
59866.500000 0.010944 0.011583 0.003866 0.006455 0.003438 0.005329 0.003216 0.006838
59867.500000 -0.003183 0.011909 -0.001224 0.005985 -0.002633 0.005496 -0.000892 0.007249
59868.500000 -0.001231 0.013550 0.002624 0.007589 -0.002480 0.006138 -0.000970 0.008036
59869.500000 0.006487 0.012973 -0.000678 0.006591 0.002774 0.005970 0.002914 0.007842
59870.500000 0.001840 0.015155 0.001223 0.007979 -0.010310 0.006547 0.013394 0.009470
59871.500000 0.036818 0.019388 0.008459 0.009945 0.014819 0.008900 0.008495 0.011863
59872.500000 0.009136 0.020014 0.012060 0.009710 -0.002966 0.008886 0.002926 0.013075
59873.500000 -0.014746 0.015396 0.008080 0.008321 -0.012004 0.007008 -0.004751 0.009549
59874.500000 0.011373 0.016332 0.005254 0.008117 0.000236 0.007311 0.006043 0.010240
59875.500000 0.017310 0.015007 -0.004065 0.007636 0.005621 0.006670 0.011220 0.009265
59876.500000 0.020394 0.013102 -0.003964 0.006303 0.002282 0.005552 0.018482 0.008332
59877.500000 -0.006894 0.013641 -0.025418 0.007282 0.002790 0.005891 0.004939 0.008214
59878.500000 0.004326 0.013543 -0.008305 0.007223 -0.002375 0.005652 0.012709 0.008315
59879.500000 -0.018070 0.015415 -0.021128 0.008317 -0.012770 0.006660 0.011971 0.009081
59880.500000 0.023317 0.015621 -0.008401 0.008497 0.013841 0.006644 0.006873 0.009012
59881.500000 -0.009013 0.013805 -0.006966 0.007179 -0.003789 0.005720 0.000466 0.008244
59882.500000 -0.019829 0.014337 -0.001927 0.007113 -0.000451 0.005983 -0.013000 0.008636
59883.500000 0.018660 0.013938 -0.003856 0.006649 0.010237 0.005819 0.004716 0.008343
59884.500000 0.001961 0.013721 0.008433 0.006943 -0.004826 0.005658 0.002006 0.008169
59885.500000 0.000767 0.016778 0.007275 0.008138 0.008383 0.007288 -0.013024 0.009703
59886.500000 0.032998 0.014223 0.031992 0.007818 0.003922 0.005765 0.004068 0.008339
59887.500000 0.008402 0.015791 0.003866 0.007802 0.003308 0.006292 0.000579 0.009627
59888.500000 0.043611 0.015527 0.014264 0.007684 0.014201 0.006409 0.009759 0.009233
59889.500000 0.003648 0.015889 -0.000901 0.007877 0.005357 0.006403 -0.002816 0.009702
59890.500000 0.018443 0.015810 0.019983 0.008240 0.013456 0.006398 -0.013256 0.009517
59891.500000 0.062632 0.017347 0.044631 0.009704 0.024175 0.007182 -0.003170 0.010202
59892.500000 0.043263 0.017537 0.028419 0.008785 0.011980 0.006927 0.004365 0.010937
59893.500000 -0.006900 0.021782 0.024611 0.010178 0.001549 0.008644 -0.021379 0.013955
59894.500000 0.031656 0.026504 0.019857 0.012355 0.003755 0.010946 0.011537 0.016641
59895.500000 0.008925 0.034010 0.039450 0.018254 -0.007831 0.013785 -0.008636 0.021135
59896.500000 0.059260 0.046653 0.029708 0.025907 0.003592 0.017906 0.029327 0.030534
59897.500000 0.001888 0.026402 -0.007641 0.013394 -0.000743 0.012002 0.007868 0.016248
59898.500000 0.013260 0.011375 0.012225 0.006153 0.000708 0.004825 0.002141 0.006881
59899.500000 -0.000006 0.020948 -0.011176 0.010266 0.014036 0.010218 -0.007558 0.012395
59900.500000 -0.011676 0.020099 0.008566 0.011388 -0.009080 0.009557 -0.006396 0.011800
59901.500000 0.039543 0.022300 0.003984 0.009902 0.018870 0.010782 0.009034 0.013882
59902.500000 -0.005791 0.023418 0.009646 0.013385 0.011802 0.010496 -0.029163 0.014095
59903.500000 0.016746 0.015290 0.008429 0.007520 0.009630 0.006934 -0.002172 0.009408
59904.500000 -0.010858 0.014185 -0.006794 0.007249 0.002125 0.006509 -0.007220 0.008640
59905.500000 0.022943 0.013482 -0.001932 0.006986 0.003748 0.006312 0.018667 0.008016
59906.500000 0.026043 0.013474 0.016075 0.007400 0.004720 0.006266 0.007305 0.007891
59907.500000 0.010202 0.012964 -0.001667 0.006524 0.006958 0.005887 0.002834 0.007996
59908.500000 0.007923 0.012385 0.003626 0.006815 0.010832 0.005879 -0.009493 0.007077
59909.500000 -0.000821 0.011756 0.002500 0.006320 0.007926 0.005526 -0.011512 0.006864
59910.500000 -0.005060 0.012185 -0.000446 0.006635 -0.003692 0.005624 -0.001343 0.007176
59911.500000 -0.010772 0.012605 0.001762 0.006476 0.007991 0.005886 -0.020366 0.007547
59912.500000 0.016804 0.023905 0.007579 0.013053 0.011489 0.011243 -0.004524 0.014499
59913.500000 0.007397 0.011540 0.002501 0.006009 -0.001152 0.005292 0.005167 0.007227
59914.500000 0.016674 0.012125 0.014790 0.007181 0.005049 0.005429 0.000477 0.007352
59915.500000 0.021171 0.011521 0.002496 0.005840 0.001242 0.005128 0.016231 0.007405
59916.500000 -0.002715 0.011905 0.004719 0.006590 0.003337 0.005411 -0.011136 0.007194
59917.500000 -0.013470 0.011185 -0.002468 0.006283 -0.004149 0.005157 -0.005309 0.006601
59918.500000 -0.010117 0.012142 -0.004024 0.006043 0.007563 0.005665 -0.016162 0.007297
59919.500000 -0.074646 0.030966 -0.023122 0.013519 -0.028666 0.014555 -0.015752 0.018860
59928.500000 0.009008 0.024159 0.001851 0.014584 0.010141 0.010494 -0.006977 0.014329
59942.500000 0.753838 0.064907 0.872982 0.076873 0.043194 0.016875 0.034439 0.017340
59943.500000 0.231667 0.022825 0.222310 0.022181 0.018509 0.007762 0.035135 0.010262
59944.500000 0.180492 0.038661 0.152518 0.037304 0.040639 0.013595 0.011057 0.017294
59945.500000 0.086845 0.018053 0.053434 0.015210 0.011907 0.006862 0.027386 0.009454
59946.500000 0.035633 0.016805 0.003611 0.011291 0.007895 0.007087 0.019717 0.009858
59947.500000 0.010299 0.016318 -0.022975 0.010189 0.001283 0.007096 0.023075 0.009541
59948.500000 -0.011122 0.014037 -0.015688 0.007792 -0.002824 0.005745 0.003315 0.008882
59949.500000 0.012555 0.013465 -0.016983 0.006770 0.007199 0.005814 0.012685 0.008351
59950.500000 -0.020045 0.015421 -0.025482 0.009760 -0.013271 0.006321 0.013246 0.009036
59951.500000 -0.029213 0.013402 -0.029518 0.006909 -0.004865 0.005712 -0.002397 0.008094
59952.500000 -0.008184 0.015614 -0.010972 0.008387 -0.005505 0.006526 0.006421 0.009343
59953.500000 0.007581 0.014357 -0.015429 0.007600 0.002968 0.006150 0.010448 0.008385
59954.500000 -0.015919 0.014603 -0.016176 0.007788 -0.004651 0.006461 0.000038 0.008238
59955.500000 0.003209 0.013790 -0.000856 0.007208 0.007352 0.005805 -0.004274 0.008100
59956.500000 -0.008582 0.014207 -0.009463 0.007233 -0.005716 0.005884 0.005040 0.008442
59957.500000 0.012251 0.013981 0.006271 0.007523 0.007541 0.005809 -0.002937 0.008151
59958.500000 0.011104 0.014448 -0.008085 0.007579 0.006826 0.005866 0.003794 0.008572
59959.500000 0.019243 0.014184 0.002225 0.007407 0.006946 0.005852 0.005163 0.008351
59960.500000 0.035482 0.015805 0.000382 0.007867 0.011979 0.006597 0.014749 0.009335
59961.500000 0.021924 0.015520 -0.000605 0.008030 0.008188 0.006412 0.009937 0.009211
59962.500000 0.029332 0.016068 0.012855 0.008165 0.011370 0.006517 0.004667 0.009699
59963.500000 0.010184 0.016064 0.014162 0.008010 0.007920 0.006479 -0.010345 0.009812
59964.500000 0.078063 0.017667 0.017034 0.008646 0.018469 0.007016 0.036425 0.011060
59965.500000 0.051646 0.020110 0.021008 0.010696 0.021904 0.008097 0.005420 0.012307
59966.500000 0.041238 0.026628 0.025223 0.014728 0.017179 0.010766 0.001147 0.016162
59967.500000 0.060997 0.026939 0.021045 0.014886 0.013555 0.010837 0.023736 0.016541
59968.500000 0.055959 0.033785 -0.007137 0.016969 0.040249 0.014710 0.002172 0.020082
59969.500000 0.128216 0.030436 0.034465 0.017026 0.037117 0.014172 0.049359 0.017988
59970.500000 -0.020668 0.028624 0.028857 0.019285 -0.018206 0.010910 -0.016525 0.018229
59971.500000 -0.015872 0.025526 0.024309 0.014990 -0.018368 0.011119 -0.009778 0.015727
59972.500000 0.002369 0.024666 -0.015325 0.013557 -0.003424 0.010854 0.016326 0.015553
59973.500000 0.045012 0.021916 0.013734 0.011575 0.014933 0.009974 0.015065 0.013797
59974.500000 0.005730 0.031684 0.008953 0.015903 -0.000061 0.014082 0.002007 0.020669
59975.500000 0.023196 0.016656 0.009574 0.008956 0.001915 0.007269 0.011545 0.010368
59976.500000 -0.001439 0.015003 -0.001752 0.008023 0.010234 0.006973 -0.012558 0.008802
59977.500000 -0.003055 0.013221 -0.008593 0.006915 0.001049 0.005941 0.001639 0.008088
59978.500000 0.016506 0.013087 -0.002192 0.007138 0.016721 0.006297 -0.004233 0.007405
59979.500000 -0.013847 0.011885 -0.000339 0.006147 -0.003938 0.005359 -0.007399 0.007290
59980.500000 0.004629 0.011476 0.006256 0.006303 -0.000222 0.005090 -0.000146 0.007011
59981.500000 -0.012461 0.011925 -0.001212 0.006326 -0.001687 0.005522 -0.006942 0.007142
59982.500000 0.010698 0.011810 0.011140 0.006547 0.001858 0.005386 -0.000418 0.007019
59983.500000 0.000997 0.011497 0.008882 0.005761 0.004689 0.005510 -0.012574 0.006711
59984.500000 0.022452 0.017709 -0.000226 0.009286 -0.004624 0.008193 0.023507 0.010828
59985.500000 0.018339 0.014877 0.006133 0.007310 -0.000475 0.006780 0.011897 0.009599
59986.500000 0.005657 0.011919 0.004064 0.006420 -0.005397 0.005383 0.010028 0.007522
59987.500000 0.026385 0.016314 0.017013 0.009482 0.011887 0.007901 -0.003667 0.009161
59990.500000 0.007239 0.015675 0.012163 0.008081 -0.004126 0.007456 0.003742 0.009247
59991.500000 -0.006361 0.012755 0.002003 0.006556 0.001602 0.005883 -0.009436 0.007572
59992.500000 0.002949 0.015231 0.009268 0.008188 0.000490 0.006489 -0.005453 0.009338
59993.500000 -0.023832 0.043662 0.028643 0.026494 0.013420 0.020991 -0.058362 0.022762
59994.500000 0.064329 0.018445 0.043611 0.010032 0.015584 0.007934 0.007809 0.010992
59999.500000 0.057006 0.051480 0.033534 0.026332 0.014618 0.023548 0.015819 0.031148
60000.500000 0.072857 0.013328 0.011519 0.006151 0.018787 0.005907 0.036065 0.008738
60001.500000 0.009538 0.018907 0.002046 0.009534 -0.000195 0.008561 0.008640 0.011660
60002.500000 0.002326 0.012069 0.002781 0.006141 -0.005663 0.005349 0.006879 0.007675
60003.500000 -0.003254 0.011850 0.002930 0.006245 0.011084 0.005643 -0.019277 0.007069
60004.500000 0.004466 0.011770 -0.005159 0.006335 0.014164 0.005562 -0.009846 0.007058
60005.500000 0.006146 0.012130 0.008320 0.006506 0.005080 0.005495 -0.006439 0.007584
60006.500000 0.010009 0.018530 -0.008699 0.010322 0.009024 0.008307 0.004641 0.011560
60007.500000 0.005172 0.013753 0.007544 0.007222 0.001986 0.006087 -0.002869 0.008648
60008.500000 -0.009167 0.010976 -0.002302 0.005522 0.000015 0.005094 -0.005708 0.006589
60009.500000 -0.000258 0.011441 -0.003675 0.006119 -0.001874 0.005320 0.004073 0.006737
60010.500000 -0.006132 0.010930 -0.001621 0.005994 -0.004990 0.004961 0.000764 0.006529
60011.500000 0.006473 0.011970 0.008942 0.006742 -0.000161 0.005461 -0.000408 0.007075
60012.500000 -0.000124 0.012116 0.002481 0.006864 -0.000235 0.005504 -0.001830 0.007154
60013.500000 -0.001302 0.012984 -0.002949 0.006740 -0.004018 0.006059 0.006790 0.007764
60014.500000 0.018691 0.012508 0.007606 0.006300 0.004577 0.005850 0.006093 0.007464
60015.500000 -0.015853 0.014060 -0.011383 0.007290 -0.006896 0.006458 0.003756 0.008474
60016.500000 0.015352 0.015595 0.008217 0.008574 0.005335 0.007243 0.002150 0.009164
60017.500000 -0.037341 0.035668 0.005065 0.016308 -0.016416 0.016620 -0.014282 0.022972
60018.500000 0.006077 0.016325 -0.009890 0.008672 0.002883 0.007806 0.009376 0.009711
60019.500000 0.023510 0.016217 0.015618 0.009567 0.004214 0.007085 0.005662 0.009855
60020.500000 -0.018728 0.015393 -0.001605 0.007848 -0.008476 0.006692 -0.005827 0.009679
60024.500000 -0.008406 0.013868 -0.018087 0.007433 -0.001206 0.005852 0.005210 0.008347
60025.500000 -0.034132 0.014565 -0.027247 0.006957 -0.009538 0.006105 -0.001991 0.008928
60026.500000 -0.022652 0.013680 -0.012211 0.006691 -0.000639 0.006032 -0.011309 0.007956
60027.500000 0.001561 0.013761 -0.007071 0.007047 0.002541 0.005754 0.001680 0.008199
60028.500000 0.017022 0.014002 -0.000232 0.007331 0.009101 0.005951 0.003724 0.008157
60029.500000 0.017410 0.014845 0.005047 0.007691 0.008379 0.006403 0.003175 0.008539
60030.500000 -0.005376 0.014374 -0.005368 0.007232 0.002264 0.006103 -0.004716 0.008361
60031.500000 -0.004272 0.013377 -0.002617 0.007185 -0.000898 0.005759 -0.002154 0.007565
60032.500000 0.031718 0.012408 0.020124 0.007310 0.010886 0.005126 0.003044 0.007021
60033.500000 0.047058 0.010156 0.033691 0.006787 0.015086 0.004236 0.002107 0.005444
60034.500000 0.036551 0.010999 0.033748 0.007087 0.011233 0.004532 -0.002546 0.006045
60037.500000 0.047904 0.017343 0.011991 0.009038 0.019089 0.007215 0.009876 0.010386
60038.500000 0.049631 0.019168 0.008334 0.009323 0.025525 0.007986 0.003821 0.011668
60039.500000 0.064275 0.025315 0.018428 0.013287 0.030150 0.010455 0.006913 0.015348
60040.500000 0.072547 0.026494 0.024465 0.013979 0.027933 0.010744 0.011374 0.016384
60041.500000 0.040557 0.027124 0.028793 0.014848 0.007362 0.010876 0.008363 0.016755
60042.500000 0.061928 0.035789 0.020349 0.020558 0.028999 0.014765 0.008535 0.021626
60043.500000 0.014462 0.025502 -0.005709 0.014107 0.018017 0.011442 -0.005429 0.015605
60044.500000 0.003823 0.025284 -0.008442 0.014677 -0.002652 0.011991 0.012845 0.014430
60045.500000 0.004432 0.022730 0.000999 0.012506 -0.016379 0.010062 0.022955 0.014283
60046.500000 -0.016701 0.031892 0.002729 0.018904 -0.016063 0.014963 0.005950 0.018563
60047.500000 0.065925 0.019845 0.013787 0.009798 0.019757 0.009015 0.025242 0.012682
60048.500000 0.017175 0.016035 -0.002229 0.008387 0.014906 0.007473 -0.001665 0.009422
60049.500000 0.025708 0.013860 0.019795 0.008218 0.003733 0.006225 0.004412 0.008049
60050.500000 0.004721 0.013050 0.003574 0.007158 -0.004467 0.006127 0.009413 0.007648
60051.500000 -0.001999 0.011125 -0.003046 0.006517 0.000092 0.004992 0.000293 0.006548
60052.500000 0.009956 0.012104 0.001740 0.006797 0.004412 0.005547 0.002754 0.007123
60053.500000 0.038648 0.011994 0.004291 0.006525 0.014739 0.005788 0.013298 0.006762
60054.500000 0.021149 0.011433 0.010539 0.006619 0.004374 0.005231 0.007644 0.006649
60055.500000 -0.004618 0.011072 -0.000311 0.006219 -0.002066 0.005309 -0.002154 0.006195
60056.500000 -0.012561 0.012058 0.004080 0.007350 -0.000759 0.005653 -0.014678 0.006646
60057.500000 0.037431 0.023171 0.008002 0.013781 0.014827 0.010910 0.008314 0.013386
60058.500000 -0.010621 0.012067 -0.002127 0.007073 0.002504 0.005874 -0.011233 0.006758
60059.500000 -0.005280 0.011437 0.008678 0.006785 -0.002768 0.005375 -0.007741 0.006629
60060.500000 0.015219 0.011772 0.009602 0.007681 0.004221 0.005383 0.001813 0.006577
60061.500000 0.036984 0.014442 0.012663 0.009046 0.014955 0.006658 0.005201 0.008114
60062.500000 0.114116 0.046704 0.012115 0.027896 0.036596 0.021994 0.042549 0.026267
60063.500000 -0.022678 0.036807 0.001662 0.018525 -0.000520 0.018880 -0.024149 0.020083
